1731090381483 1.5992077589035034 0
1731090381488 1.5447516441345215 0
1731090381490 1.4924780130386353 0
1731090381496 1.4422980546951294 0
1731090381499 1.3941270112991333 0
1731090381501 1.3478832244873047 0
1731090381503 1.303489089012146 0
1731090381506 1.2608692646026611 0
1731090381511 1.2199524641036987 0
1731090381513 1.1806697845458984 0
1731090381515 1.143768548965454 0
1731090381517 1.1083704233169556 0
1731090381519 1.0743744373321533 0
1731090381521 1.041724681854248 0
1731090381524 1.0103679895401 0
1731090381526 0.9802529811859131 0
1731090381528 0.9513306617736816 0
1731090381530 0.9235536456108093 0
1731090381532 0.8968767523765564 0
1731090381534 0.8712562322616577 0
1731090381536 0.8466504216194153 0
1731090381538 0.8230191469192505 0
1731090381540 0.8003236651420593 0
1731090381543 0.7785269618034363 0
1731090381548 0.7575934529304504 0
1731090381565 0.7374889850616455 0
1731090381581 0.718180775642395 0
1731090381586 0.6996371150016785 0
1731090381590 0.6818279027938843 0
1731090381594 0.6647239327430725 0
1731090381596 0.6482973098754883 0
1731090381599 0.6325212121009827 0
1731090381602 0.6173699498176575 0
1731090381604 0.6028185486793518 0
1731090381606 0.5888435244560242 0
1731090381609 0.5754219889640808 0
1731090381611 0.5625320076942444 0
1731090381614 0.5501524209976196 0
1731090381616 0.5382631421089172 0
1731090381618 0.5268446207046509 0
1731090381621 0.5158783197402954 0
1731090381623 0.505346417427063 0
1731090381625 0.4952315390110016 0
1731090381627 0.4855171740055084 0
1731090381629 0.4761875867843628 0
1731090381631 0.4672274589538574 0
1731090381633 0.45862215757369995 0
1731090381636 0.45035770535469055 0
1731090381638 0.44242045283317566 0
1731090381641 0.43479758501052856 0
1731090381643 0.4274766147136688 0
1731090381645 0.4204455018043518 0
1731090381647 0.4136929214000702 0
1731090381649 0.4072076976299286 0
1731090381652 0.40097934007644653 0
1731090381654 0.39499759674072266 0
1731090381656 0.38925275206565857 0
1731090381659 0.38373544812202454 0
1731090381663 0.3784366250038147 0
1731090381666 0.37334761023521423 0
1731090381669 0.36846017837524414 0
1731090381671 0.36376631259918213 0
1731090381675 0.3592582643032074 0
1731090381679 0.35492879152297974 0
1731090381682 0.3507707715034485 0
1731090381685 0.34677740931510925 0
1731090381688 0.34294217824935913 0
1731090381690 0.3392588496208191 0
1731090381693 0.33572137355804443 0
1731090381695 0.3323240280151367 0
1731090381698 0.3290611505508423 0
1731090381701 0.32592758536338806 0
1731090381703 0.32291799783706665 0
1731090381708 0.3200276494026184 0
1731090381711 0.3172517716884613 0
1731090381714 0.31458580493927 0
1731090381718 0.31202542781829834 0
1731090381720 0.3095664978027344 0
1731090381723 0.30720481276512146 0
1731090381726 0.30493679642677307 0
1731090381729 0.30275851488113403 0
1731090381733 0.3006665110588074 0
1731090381736 0.2986573576927185 0
1731090381740 0.2967277467250824 0
1731090381743 0.29487454891204834 0
1731090381751 0.29309481382369995 0
1731090381755 0.2913854718208313 0
1731090381758 0.2897438406944275 0
1731090381761 0.28816723823547363 0
1731090381764 0.286653071641922 0
1731090381766 0.285198837518692 0
1731090381768 0.28380221128463745 0
1731090381770 0.28246086835861206 0
1731090381773 0.2811726927757263 0
1731090381775 0.2799355089664459 0
1731090381777 0.2787472903728485 0
1731090381780 0.27760615944862366 0
1731090381782 0.27651020884513855 0
1731090381784 0.27545762062072754 0
1731090381786 0.2744467854499817 0
1731090381788 0.27347588539123535 0
1731090381790 0.2725435197353363 0
1731090381792 0.27164801955223083 0
1731090381794 0.2707880139350891 0
1731090381796 0.26996204257011414 0
1731090381798 0.26916879415512085 0
1731090381800 0.2684069573879242 0
1731090381802 0.2676752507686615 0
1731090381804 0.2669725716114044 0
1731090381806 0.26629769802093506 0
1731090381808 0.2656495273113251 0
1731090381810 0.2650270462036133 0
1731090381812 0.2644291818141937 0
1731090381814 0.2638550102710724 0
1731090381816 0.26330360770225525 0
1731090381818 0.2627739906311035 0
1731090381820 0.2622653841972351 0
1731090381822 0.261776864528656 0
1731090381824 0.2613077163696289 0
1731090381826 0.26085713505744934 0
1731090381828 0.2604244351387024 0
1731090381830 0.260008841753006 0
1731090381833 0.2596096694469452 0
1731090381835 0.25922635197639465 0
1731090381837 0.25885820388793945 0
1731090381839 0.25850459933280945 0
1731090381841 0.25816500186920166 0
1731090381843 0.2578388750553131 0
1731090381846 0.2575256824493408 0
1731090381848 0.2572248578071594 0
1731090381850 0.25693589448928833 0
1731090381852 0.2566584646701813 0
1731090381854 0.2563919723033905 0
1731090381856 0.2561360001564026 0
1731090381858 0.2558901906013489 0
1731090381860 0.25565412640571594 0
1731090381862 0.25542739033699036 0
1731090381864 0.25520965456962585 0
1731090381868 0.255000501871109 0
1731090381870 0.25479966402053833 0
1731090381873 0.2546067535877228 0
1731090381875 0.25442153215408325 0
1731090381878 0.25424355268478394 0
1731090381881 0.2540726363658905 0
1731090381883 0.25390854477882385 0
1731090381886 0.25375092029571533 0
1731090381889 0.25359952449798584 0
1731090381892 0.2534541189670563 0
1731090381894 0.25331446528434753 0
1731090381897 0.2531803846359253 0
1731090381900 0.2530515491962433 0
1731090381902 0.25292783975601196 0
1731090381906 0.2528090476989746 0
1731090381909 0.25269490480422974 0
1731090381911 0.2525852918624878 0
1731090381914 0.25248005986213684 0
1731090381917 0.2523789703845978 0
1731090381919 0.25228187441825867 0
1731090381922 0.25218862295150757 0
1731090381925 0.25209906697273254 0
1731090381927 0.25201302766799927 0
1731090381930 0.2519304156303406 0
1731090381933 0.25185108184814453 0
1731090381936 0.2517748475074768 0
1731090381939 0.251701682806015 0
1731090381942 0.25163137912750244 0
1731090381947 0.2515638470649719 0
1731090381952 0.2514990270137787 0
1731090381957 0.251436710357666 0
1731090381962 0.2513768970966339 0
1731090381968 0.25131943821907043 0
1731090381972 0.2512642741203308 0
1731090381978 0.2512112855911255 0
1731090381982 0.2511603832244873 0
1731090381985 0.2511115074157715 0
1731090381989 0.2510645389556885 0
1731090381991 0.2510194480419159 0
1731090381993 0.2509760856628418 0
1731090381996 0.2509344816207886 0
1731090381998 0.2508945167064667 0
1731090382001 0.2508561611175537 0
1731090382004 0.25081926584243774 0
1731090382006 0.25078389048576355 0
1731090382009 0.2507498562335968 0
1731090382011 0.2507171928882599 0
1731090382013 0.25068584084510803 0
1731090382015 0.2506556808948517 0
1731090382018 0.25062674283981323 0
1731090382020 0.2505989372730255 0
1731090382023 0.25057223439216614 0
1731090382025 0.2505466043949127 0
1731090382027 0.2505219578742981 0
1731090382031 0.2504982650279999 0
1731090382033 0.25047555565834045 0
1731090382036 0.2504537105560303 0
1731090382038 0.25043272972106934 0
1731090382040 0.25041258335113525 0
1731090382042 0.25039321184158325 0
1731090382044 0.2503746449947357 0
1731090382047 0.2503567934036255 0
1731090382049 0.2503396272659302 0
1731090382052 0.25032317638397217 0
1731090382055 0.2503073215484619 0
1731090382057 0.2502921223640442 0
1731090382059 0.2502775490283966 0
1731090382061 0.2502634823322296 0
1731090382063 0.2502500116825104 0
1731090382065 0.2502370774745941 0
1731090382067 0.25022464990615845 0
1731090382069 0.250212699174881 0
1731090382071 0.25020119547843933 0
1731090382073 0.25019019842147827 0
1731090382075 0.25017958879470825 0
1731090382079 0.25016939640045166 0
1731090382082 0.2501596212387085 0
1731090382085 0.25015026330947876 0
1731090382089 0.2501412034034729 0
1731090382092 0.2501325309276581 0
1731090382096 0.2501242160797119 0
1731090382100 0.2501161992549896 0
1731090382165 0.250108540058136 0
1731090382169 0.25010111927986145 0
1731090382173 0.25009405612945557 0
1731090382177 0.2500872015953064 0
1731090382181 0.2500806450843811 0
1731090382184 0.2500743567943573 0
1731090382186 0.2500683069229126 0
1731090382189 0.2500624656677246 0
1731090382192 0.2500568926334381 0
1731090382194 0.25005149841308594 0
1731090382196 0.25004634261131287 0
1731090382199 0.2500413954257965 0
1731090382202 0.2500366270542145 0
1731090382205 0.2500320374965668 0
1731090382207 0.2500276267528534 0
1731090382209 0.25002339482307434 0
1731090382211 0.2500193417072296 0
1731090382214 0.25001540780067444 0
1731090382217 0.2500116527080536 0
1731090382220 0.2500080466270447 0
1731090382223 0.2500045895576477 0
1731090382225 0.2500012516975403 0
1731090382227 0.2499980330467224 0
1731090382229 0.2499949336051941 0
1731090382232 0.2499919980764389 0
1731090382234 0.2499891221523285 0
1731090382237 0.24998635053634644 0
1731090382239 0.2499837577342987 0
1731090382242 0.24998119473457336 0
1731090382244 0.24997875094413757 0
1731090382246 0.24997642636299133 0
1731090382248 0.24997417628765106 0
1731090382250 0.24997198581695557 0
1731090382252 0.24996989965438843 0
1731090382255 0.24996787309646606 0
1731090382258 0.24996596574783325 0
1731090382261 0.24996408820152283 0
1731090382263 0.24996230006217957 0
1731090382266 0.24996057152748108 0
1731090382268 0.24995891749858856 0
1731090382270 0.24995732307434082 0
1731090382272 0.24995580315589905 0
1731090382275 0.24995431303977966 0
1731090382279 0.24995289742946625 0
1731090382281 0.24995151162147522 0
1731090382284 0.24995021522045135 0
1731090382286 0.24994894862174988 0
1731090382290 0.2499477118253708 0
1731090382292 0.24994653463363647 0
1731090382296 0.24994540214538574 0
1731090382299 0.2499442994594574 0
1731090382302 0.24994325637817383 0
1731090382305 0.24994224309921265 0
1731090382308 0.24994125962257385 0
1731090382346 0.24994033575057983 0
1731090382353 0.249939426779747 0
1731090382360 0.24993856251239777 0
1731090382363 0.24993771314620972 0
1731090382367 0.24993690848350525 0
1731090382369 0.24993611872196198 0
1731090382372 0.2499353289604187 0
1731090382376 0.2499346137046814 0
1731090382379 0.24993394315242767 0
1731090382382 0.24993324279785156 0
1731090382385 0.24993255734443665 0
1731090382387 0.2499319314956665 0
1731090382390 0.24993133544921875 0
1731090382392 0.249930739402771 0
1731090382394 0.24993015825748444 0
1731090382396 0.24992960691452026 0
1731090382398 0.24992907047271729 0
1731090382400 0.2499285638332367 0
1731090382402 0.2499280571937561 0
1731090382404 0.2499276101589203 0
1731090382406 0.24992713332176208 0
1731090382408 0.24992667138576508 0
1731090382410 0.24992620944976807 0
1731090382412 0.24992582201957703 0
1731090382414 0.2499254047870636 0
1731090382416 0.24992501735687256 0
1731090382418 0.24992461502552032 0
1731090382420 0.24992424249649048 0
1731090382422 0.24992388486862183 0
1731090382424 0.24992355704307556 0
1731090382427 0.2499232292175293 0
1731090382429 0.24992287158966064 0
1731090382431 0.24992254376411438 0
1731090382433 0.2499222457408905 0
1731090382436 0.24992196261882782 0
1731090382438 0.24992164969444275 0
1731090382440 0.24992136657238007 0
1731090382442 0.24992111325263977 0
1731090382444 0.2499208152294159 0
1731090382446 0.2499205619096756 0
1731090382448 0.2499203085899353 0
1731090382450 0.2499200701713562 0
1731090382452 0.2499198317527771 0
1731090382455 0.2499195784330368 0
1731090382457 0.2499193698167801 0
1731090382459 0.24991914629936218 0
1731090382461 0.24991893768310547 0
1731090382463 0.24991869926452637 0
1731090382465 0.24991852045059204 0
1731090382467 0.24991831183433533 0
1731090382469 0.24991808831691742 0
1731090382471 0.2499179244041443 0
1731090382473 0.24991771578788757 0
1731090382475 0.24991752207279205 0
1731090382478 0.24991734325885773 0
1731090382480 0.2499171793460846 0
1731090382482 0.24991700053215027 0
1731090382484 0.24991682171821594 0
1731090382486 0.2499166578054428 0
1731090382489 0.24991650879383087 0
1731090382491 0.24991635978221893 0
1731090382494 0.249916210770607 0
1731090382496 0.24991606175899506 0
1731090382499 0.24991588294506073 0
1731090382502 0.24991574883460999 0
1731090382505 0.24991558492183685 0
1731090382508 0.2499154508113861 0
1731090382510 0.24991531670093536 0
1731090382513 0.24991516768932343 0
1731090382516 0.24991504848003387 0
1731090382518 0.24991489946842194 0
1731090382522 0.2499147653579712 0
1731090382525 0.24991464614868164 0
1731090382527 0.2499145120382309 0
1731090382530 0.24991436302661896 0
1731090382533 0.2499142587184906 0
1731090382536 0.24991413950920105 0
1731090382539 0.2499140053987503 0
1731090382542 0.24991391599178314 0
1731090382544 0.2499137669801712 0
1731090382547 0.24991364777088165 0
1731090382550 0.2499135285615921 0
1731090382552 0.24991342425346375 0
1731090382555 0.2499133050441742 0
1731090382558 0.24991320073604584 0
1731090382561 0.24991309642791748 0
1731090382564 0.24991299211978912 0
1731090382567 0.24991285800933838 0
1731090382570 0.24991276860237122 0
1731090382572 0.24991264939308167 0
1731090382575 0.2499125450849533 0
1731090382578 0.24991244077682495 0
1731090382581 0.2499123364686966 0
1731090382583 0.24991223216056824 0
1731090382586 0.24991212785243988 0
1731090382589 0.24991203844547272 0
1731090382591 0.24991193413734436 0
1731090382593 0.2499118149280548 0
1731090382595 0.24991171061992645 0
1731090382597 0.2499116212129593 0
1731090382599 0.24991151690483093 0
1731090382601 0.24991142749786377 0
1731090382603 0.2499113380908966 0
1731090382606 0.24991124868392944 0
1731090382608 0.24991115927696228 0
1731090382610 0.24991104006767273 0
1731090382612 0.24991095066070557 0
1731090382614 0.2499108612537384 0
1731090382616 0.24991075694561005 0
1731090382618 0.24991066753864288 0
1731090382621 0.24991056323051453 0
1731090382623 0.24991048872470856 0
1731090382625 0.249910369515419 0
1731090382627 0.24991032481193542 0
1731090382629 0.24991020560264587 0
1731090382631 0.24991008639335632 0
1731090382633 0.24991001188755035 0
1731090382636 0.2499099224805832 0
1731090382638 0.24990984797477722 0
1731090382640 0.24990975856781006 0
1731090382642 0.2499096542596817 0
1731090382644 0.24990957975387573 0
1731090382646 0.24990947544574738 0
1731090382648 0.2499094009399414 0
1731090382650 0.24990929663181305 0
1731090382652 0.2499091923236847 0
1731090382655 0.24990911781787872 0
1731090382657 0.24990904331207275 0
1731090382659 0.2499089241027832 0
1731090382661 0.24990883469581604 0
1731090382663 0.24990874528884888 0
1731090382665 0.2499086707830429 0
1731090382667 0.24990859627723694 0
1731090382669 0.24990849196910858 0
1731090382671 0.2499084174633026 0
1731090382674 0.24990831315517426 0
1731090382676 0.2499082237482071 0
1731090382678 0.24990813434123993 0
1731090382680 0.24990805983543396 0
1731090382682 0.2499079704284668 0
1731090382684 0.24990788102149963 0
1731090382686 0.24990780651569366 0
1731090382688 0.2499077320098877 0
1731090382690 0.24990761280059814 0
1731090382692 0.24990755319595337 0
1731090382694 0.2499074637889862 0
1731090382696 0.24990737438201904 0
1731090382699 0.24990727007389069 0
1731090382701 0.24990719556808472 0
1731090382704 0.24990713596343994 0
1731090382706 0.24990704655647278 0
1731090382708 0.24990695714950562 0
1731090382711 0.24990685284137726 0
1731090382713 0.24990679323673248 0
1731090382716 0.24990665912628174 0
1731090382719 0.24990659952163696 0
1731090382725 0.249906525015831 0
1731090382728 0.24990642070770264 0
1731090382732 0.24990631639957428 0
1731090382735 0.2499062567949295 0
1731090382738 0.24990618228912354 0
1731090382741 0.24990606307983398 0
1731090382744 0.2499060183763504 0
1731090382748 0.24990594387054443 0
1731090382751 0.24990582466125488 0
1731090382754 0.2499057650566101 0
1731090382757 0.24990567564964294 0
1731090382760 0.24990558624267578 0
1731090382762 0.24990549683570862 0
1731090382765 0.24990542232990265 0
1731090382768 0.2499053180217743 0
1731090382771 0.24990524351596832 0
1731090382774 0.24990515410900116 0
1731090382777 0.2499050796031952 0
1731090382779 0.24990499019622803 0
1731090382782 0.24990490078926086 0
1731090382785 0.2499048262834549 0
1731090382787 0.24990475177764893 0
1731090382790 0.24990466237068176 0
1731090382793 0.2499045729637146 0
1731090382796 0.24990448355674744 0
1731090382799 0.24990439414978027 0
1731090382801 0.2499043196439743 0
1731090382803 0.24990423023700714 0
1731090382806 0.24990417063236237 0
1731090382808 0.24990405142307281 0
1731090382810 0.24990397691726685 0
1731090382812 0.24990388751029968 0
1731090382815 0.2499038130044937 0
1731090382817 0.24990372359752655 0
1731090382819 0.24990367889404297 0
1731090382821 0.24990355968475342 0
1731090382823 0.24990347027778625 0
1731090382825 0.2499033808708191 0
1731090382827 0.24990329146385193 0
1731090382829 0.24990321695804596 0
1731090382831 0.2499031126499176 0
1731090382833 0.24990305304527283 0
1731090382835 0.24990296363830566 0
1731090382837 0.2499028891324997 0
1731090382839 0.24990279972553253 0
1731090382842 0.24990272521972656 0
1731090382844 0.2499026358127594 0
1731090382846 0.24990257620811462 0
1731090382848 0.24990245699882507 0
1731090382850 0.2499023973941803 0
1731090382852 0.24990229308605194 0
1731090382854 0.24990221858024597 0
1731090382856 0.24990214407444 0
1731090382858 0.24990202486515045 0
1731090382860 0.24990195035934448 0
1731090382862 0.24990186095237732 0
1731090382864 0.24990180134773254 0
1731090382866 0.24990171194076538 0
1731090382868 0.24990162253379822 0
1731090382870 0.24990153312683105 0
1731090382872 0.24990145862102509 0
1731090382874 0.24990138411521912 0
1731090382876 0.24990129470825195 0
1731090382878 0.2499012053012848 0
1731090382880 0.24990113079547882 0
1731090382882 0.24990102648735046 0
1731090382884 0.2499009668827057 0
1731090382886 0.24990087747573853 0
1731090382888 0.24990080296993256 0
1731090382890 0.2499006986618042 0
1731090382892 0.24990060925483704 0
1731090382894 0.24990053474903107 0
1731090382896 0.2499004602432251 0
1731090382898 0.24990037083625793 0
1731090382900 0.24990028142929077 0
1731090382902 0.2499002069234848 0
1731090382904 0.24990011751651764 0
1731090382907 0.24990004301071167 0
1731090382909 0.2498999536037445 0
1731090382912 0.24989987909793854 0
1731090382915 0.249899759888649 0
1731090382917 0.2498997151851654 0
1731090382919 0.24989959597587585 0
1731090382922 0.24989952147006989 0
1731090382925 0.24989943206310272 0
1731090382928 0.24989935755729675 0
1731090382930 0.2498992681503296 0
1731090382933 0.24989917874336243 0
1731090382936 0.24989910423755646 0
1731090382938 0.2498990297317505 0
1731090382941 0.24989894032478333 0
1731090382943 0.24989885091781616 0
1731090382946 0.2498987764120102 0
1731090382948 0.24989868700504303 0
1731090382951 0.24989861249923706 0
1731090382955 0.2498985230922699 0
1731090382958 0.24989844858646393 0
1731090382961 0.24989835917949677 0
1731090382964 0.2498982697725296 0
1731090382967 0.24989818036556244 0
1731090382969 0.24989812076091766 0
1731090382972 0.2498980313539505 0
1731090382975 0.24989795684814453 0
1731090382978 0.24989785254001617 0
1731090382981 0.2498977780342102 0
1731090382984 0.24989767372608185 0
1731090382986 0.24989761412143707 0
1731090382989 0.2498975247144699 0
1731090382992 0.24989743530750275 0
1731090382994 0.24989734590053558 0
1731090382997 0.24989727139472961 0
1731090383000 0.24989721179008484 0
1731090383002 0.2498970925807953 0
1731090383006 0.2498970329761505 0
1731090383008 0.24989692866802216 0
1731090383010 0.24989686906337738 0
1731090383012 0.24989676475524902 0
1731090383014 0.24989669024944305 0
1731090383016 0.24989661574363708 0
1731090383018 0.24989652633666992 0
1731090383020 0.24989645183086395 0
1731090383023 0.2498963475227356 0
1731090383024 0.24989625811576843 0
1731090383027 0.24989616870880127 0
1731090383029 0.2498960942029953 0
1731090383031 0.24989603459835052 0
1731090383033 0.24989593029022217 0
1731090383035 0.2498958557844162 0
1731090383037 0.24989578127861023 0
1731090383040 0.24989569187164307 0
1731090383042 0.2498956024646759 0
1731090383047 0.24989551305770874 0
1731090383051 0.24989543855190277 0
1731090383053 0.24989533424377441 0
1731090383055 0.24989524483680725 0
1731090383058 0.24989518523216248 0
1731090383060 0.24989508092403412 0
1731090383062 0.24989500641822815 0
1731090383064 0.249894917011261 0
1731090383066 0.24989482760429382 0
1731090383068 0.24989476799964905 0
1731090383070 0.2498946636915207 0
1731090383072 0.24989458918571472 0
1731090383074 0.24989449977874756 0
1731090383076 0.2498944252729416 0
1731090383078 0.24989433586597443 0
1731090383080 0.24989424645900726 0
1731090383083 0.2498941719532013 0
1731090383085 0.24989408254623413 0
1731090383087 0.24989399313926697 0
1731090383089 0.2498939335346222 0
1731090383091 0.24989381432533264 0
1731090383093 0.24989375472068787 0
1731090383095 0.24989363551139832 0
1731090383097 0.24989359080791473 0
1731090383099 0.24989347159862518 0
1731090383101 0.2498934268951416 0
1731090383103 0.24989333748817444 0
1731090383105 0.24989323318004608 0
1731090383107 0.2498931586742401 0
1731090383110 0.24989309906959534 0
1731090383113 0.2498929798603058 0
1731090383115 0.249892920255661 0
1731090383118 0.24989281594753265 0
1731090383121 0.24989274144172668 0
1731090383124 0.2498926818370819 0
1731090383126 0.24989256262779236 0
1731090383129 0.24989250302314758 0
1731090383131 0.24989239871501923 0
1731090383134 0.24989232420921326 0
1731090383137 0.2498922348022461 0
1731090383140 0.24989217519760132 0
1731090383143 0.24989208579063416 0
1731090383146 0.249891996383667 0
1731090383148 0.24989190697669983 0
1731090383151 0.24989184737205505 0
1731090383154 0.2498917281627655 0
1731090383157 0.24989166855812073 0
1731090383159 0.24989157915115356 0
1731090383162 0.2498915195465088 0
1731090383164 0.24989140033721924 0
1731090383167 0.24989134073257446 0
1731090383169 0.2498912364244461 0
1731090383173 0.24989114701747894 0
1731090383175 0.24989107251167297 0
1731090383178 0.2498909831047058 0
1731090383181 0.24989090859889984 0
1731090383184 0.24989081919193268 0
1731090383186 0.2498907446861267 0
1731090383190 0.24989065527915955 0
1731090383192 0.24989056587219238 0
1731090383195 0.2498904913663864 0
1731090383198 0.24989040195941925 0
1731090383200 0.24989032745361328 0
1731090383203 0.24989023804664612 0
1731090383206 0.24989016354084015 0
1731090383208 0.2498900592327118 0
1731090383212 0.24988999962806702 0
1731090383214 0.24988988041877747 0
1731090383216 0.2498898208141327 0
1731090383218 0.24988973140716553 0
1731090383221 0.24988964200019836 0
1731090383223 0.2498895525932312 0
1731090383225 0.24988949298858643 0
1731090383227 0.24988940358161926 0
1731090383229 0.2498893141746521 0
1731090383231 0.24988922476768494 0
1731090383233 0.24988916516304016 0
1731090383235 0.249889075756073 0
1731090383237 0.24988898634910583 0
1731090383239 0.24988889694213867 0
1731090383242 0.2498888075351715 0
1731090383243 0.24988871812820435 0
1731090383246 0.24988862872123718 0
1731090383248 0.2498885691165924 0
1731090383250 0.24988847970962524 0
1731090383252 0.24988839030265808 0
1731090383254 0.24988830089569092 0
1731090383256 0.24988824129104614 0
1731090383258 0.2498881220817566 0
1731090383260 0.24988804757595062 0
1731090383262 0.24988797307014465 0
1731090383264 0.2498878836631775 0
1731090383266 0.24988779425621033 0
1731090383268 0.24988771975040436 0
1731090383270 0.2498876303434372 0
1731090383272 0.24988752603530884 0
1731090383274 0.24988746643066406 0
1731090383276 0.2498873770236969 0
1731090383278 0.24988730251789093 0
1731090383280 0.24988719820976257 0
1731090383282 0.2498871386051178 0
1731090383284 0.24988704919815063 0
1731090383286 0.24988697469234467 0
1731090383288 0.2498868703842163 0
1731090383290 0.24988681077957153 0
1731090383293 0.24988672137260437 0
1731090383295 0.2498866319656372 0
1731090383297 0.24988654255867004 0
1731090383299 0.24988646805286407 0
1731090383301 0.2498863935470581 0
1731090383303 0.24988627433776855 0
1731090383305 0.24988621473312378 0
1731090383307 0.24988612532615662 0
1731090383309 0.24988603591918945 0
1731090383312 0.2498859465122223 0
1731090383315 0.24988588690757751 0
1731090383317 0.24988579750061035 0
1731090383319 0.2498857080936432 0
1731090383322 0.24988561868667603 0
1731090383324 0.24988555908203125 0
1731090383327 0.2498854398727417 0
1731090383330 0.24988538026809692 0
1731090383332 0.24988529086112976 0
1731090383335 0.2498852014541626 0
1731090383337 0.24988511204719543 0
1731090383340 0.24988502264022827 0
1731090383343 0.2498849630355835 0
1731090383345 0.24988487362861633 0
1731090383348 0.24988478422164917 0
1731090383351 0.249884694814682 0
1731090383353 0.24988463521003723 0
1731090383356 0.24988453090190887 0
1731090383359 0.2498844563961029 0
1731090383362 0.24988436698913574 0
1731090383364 0.24988430738449097 0
1731090383366 0.2498842030763626 0
1731090383369 0.24988412857055664 0
1731090383372 0.24988403916358948 0
1731090383375 0.24988394975662231 0
1731090383377 0.24988386034965515 0
1731090383380 0.24988378584384918 0
1731090383383 0.2498837113380432 0
1731090383386 0.24988362193107605 0
1731090383389 0.2498835325241089 0
1731090383391 0.24988344311714172 0
1731090383394 0.24988336861133575 0
1731090383396 0.2498832643032074 0
1731090383399 0.24988320469856262 0
1731090383401 0.24988311529159546 0
1731090383404 0.2498830258846283 0
1731090383407 0.24988293647766113 0
1731090383410 0.24988284707069397 0
1731090383413 0.2498827874660492 0
1731090383415 0.24988266825675964 0
1731090383417 0.24988260865211487 0
1731090383419 0.2498825192451477 0
1731090383421 0.24988242983818054 0
1731090383424 0.24988234043121338 0
1731090383425 0.2498822808265686 0
1731090383428 0.24988217651844025 0
1731090383430 0.24988210201263428 0
1731090383432 0.24988199770450592 0
1731090383434 0.24988192319869995 0
1731090383436 0.2498818337917328 0
1731090383438 0.24988175928592682 0
1731090383440 0.24988168478012085 0
1731090383442 0.2498815804719925 0
1731090383445 0.24988147616386414 0
1731090383447 0.24988141655921936 0
1731090383449 0.2498813420534134 0
1731090383451 0.24988123774528503 0
1731090383453 0.24988117814064026 0
1731090383455 0.2498810589313507 0
1731090383457 0.24988099932670593 0
1731090383459 0.24988089501857758 0
1731090383461 0.2498808205127716 0
1731090383464 0.24988076090812683 0
1731090383466 0.24988064169883728 0
1731090383468 0.2498805820941925 0
1731090383470 0.24988047778606415 0
1731090383472 0.24988040328025818 0
1731090383475 0.24988031387329102 0
1731090383477 0.24988022446632385 0
1731090383479 0.24988016486167908 0
1731090383481 0.2498800903558731 0
1731090383483 0.24987998604774475 0
1731090383485 0.24987992644309998 0
1731090383487 0.24987980723381042 0
1731090383489 0.24987974762916565 0
1731090383491 0.2498796433210373 0
1731090383493 0.24987956881523132 0
1731090383495 0.24987950921058655 0
1731090383497 0.249879390001297 0
1731090383499 0.24987933039665222 0
1731090383501 0.24987922608852386 0
1731090383503 0.2498791515827179 0
1731090383505 0.24987906217575073 0
1731090383507 0.24987897276878357 0
1731090383510 0.2498789131641388 0
1731090383511 0.24987880885601044 0
1731090383514 0.24987873435020447 0
1731090383516 0.2498786747455597 0
1731090383518 0.24987855553627014 0
1731090383520 0.24987849593162537 0
1731090383523 0.249878391623497 0
1731090383525 0.24987831711769104 0
1731090383528 0.24987822771072388 0
1731090383530 0.2498781383037567 0
1731090383533 0.24987807869911194 0
1731090383535 0.24987797439098358 0
1731090383538 0.2498778998851776 0
1731090383541 0.24987781047821045 0
1731090383544 0.2498777210712433 0
1731090383546 0.24987763166427612 0
1731090383549 0.24987755715847015 0
1731090383551 0.24987748265266418 0
1731090383554 0.24987739324569702 0
1731090383557 0.24987730383872986 0
1731090383559 0.2498772144317627 0
1731090383562 0.24987713992595673 0
1731090383565 0.24987703561782837 0
1731090383567 0.2498769760131836 0
1731090383570 0.24987688660621643 0
1731090383573 0.24987681210041046 0
1731090383576 0.2498767077922821 0
1731090383578 0.24987664818763733 0
1731090383581 0.24987655878067017 0
1731090383584 0.249876469373703 0
1731090383586 0.24987637996673584 0
1731090383589 0.24987630546092987 0
1731090383592 0.2498762309551239 0
1731090383594 0.24987611174583435 0
1731090383597 0.24987605214118958 0
1731090383600 0.2498759627342224 0
1731090383602 0.24987585842609406 0
1731090383605 0.24987578392028809 0
1731090383608 0.24987569451332092 0
1731090383610 0.24987560510635376 0
1731090383613 0.2498755306005478 0
1731090383616 0.24987544119358063 0
1731090383618 0.24987538158893585 0
1731090383622 0.2498752921819687 0
1731090383624 0.24987520277500153 0
1731090383626 0.24987511336803436 0
1731090383628 0.2498750239610672 0
1731090383630 0.24987494945526123 0
1731090383632 0.24987486004829407 0
1731090383634 0.2498747855424881 0
1731090383636 0.24987469613552094 0
1731090383639 0.24987460672855377 0
1731090383641 0.2498745322227478 0
1731090383643 0.24987445771694183 0
1731090383645 0.24987435340881348 0
1731090383647 0.2498742789030075 0
1731090383649 0.24987418949604034 0
1731090383651 0.24987412989139557 0
1731090383653 0.2498740255832672 0
1731090383655 0.24987393617630005 0
1731090383657 0.24987384676933289 0
1731090383659 0.24987374246120453 0
1731090383661 0.24987368285655975 0
1731090383663 0.2498735934495926 0
1731090383665 0.24987351894378662 0
1731090383667 0.24987341463565826 0
1731090383669 0.2498733401298523 0
1731090383671 0.24987326562404633 0
1731090383673 0.24987317621707916 0
1731090383675 0.249873086810112 0
1731090383677 0.24987299740314484 0
1731090383679 0.24987292289733887 0
1731090383681 0.2498728334903717 0
1731090383683 0.24987275898456573 0
1731090383685 0.24987266957759857 0
1731090383687 0.2498725950717926 0
1731090383689 0.24987249076366425 0
1731090383691 0.24987243115901947 0
1731090383694 0.2498723417520523 0
1731090383696 0.24987225234508514 0
1731090383698 0.24987216293811798 0
1731090383700 0.249872088432312 0
1731090383701 0.24987201392650604 0
1731090383704 0.24987190961837769 0
1731090383706 0.24987183511257172 0
1731090383707 0.24987174570560455 0
1731090383709 0.2498716562986374 0
1731090383711 0.24987158179283142 0
1731090383713 0.24987150728702545 0
1731090383715 0.2498714178800583 0
1731090383717 0.24987132847309113 0
1731090383719 0.24987123906612396 0
1731090383721 0.249871164560318 0
1731090383724 0.24987107515335083 0
1731090383727 0.24987100064754486 0
1731090383729 0.2498709112405777 0
1731090383732 0.24987082183361053 0
1731090383735 0.24987073242664337 0
1731090383737 0.2498706579208374 0
1731090383740 0.24987058341503143 0
1731090383743 0.24987049400806427 0
1731090383746 0.2498704046010971 0
1731090383748 0.24987033009529114 0
1731090383751 0.24987027049064636 0
1731090383753 0.249870166182518 0
1731090383756 0.24987007677555084 0
1731090383759 0.24987000226974487 0
1731090383761 0.24986989796161652 0
1731090383764 0.24986983835697174 0
1731090383767 0.24986974895000458 0
1731090383769 0.2498696744441986 0
1731090383772 0.24986957013607025 0
1731090383775 0.24986949563026428 0
1731090383778 0.24986939132213593 0
1731090383781 0.24986931681632996 0
1731090383783 0.2498692125082016 0
1731090383786 0.24986913800239563 0
1731090383789 0.24986907839775085 0
1731090383792 0.2498689889907837 0
1731090383794 0.24986891448497772 0
1731090383797 0.24986881017684937 0
1731090383799 0.2498687356710434 0
1731090383802 0.24986861646175385 0
1731090383804 0.24986855685710907 0
1731090383807 0.2498684823513031 0
1731090383809 0.24986837804317474 0
1731090383812 0.24986831843852997 0
1731090383814 0.249868243932724 0
1731090383817 0.24986815452575684 0
1731090383819 0.24986808001995087 0
1731090383823 0.24986796081066132 0
1731090383825 0.24986788630485535 0
1731090383828 0.249867781996727 0
1731090383830 0.24986772239208221 0
1731090383832 0.24986766278743744 0
1731090383834 0.24986755847930908 0
1731090383836 0.2498674839735031 0
1731090383838 0.24986737966537476 0
1731090383841 0.2498673051595688 0
1731090383843 0.24986723065376282 0
1731090383845 0.24986712634563446 0
1731090383847 0.2498670518398285 0
1731090383849 0.24986696243286133 0
1731090383851 0.24986685812473297 0
1731090383853 0.2498667985200882 0
1731090383855 0.24986672401428223 0
1731090383857 0.24986661970615387 0
1731090383859 0.2498665302991867 0
1731090383861 0.24986645579338074 0
1731090383863 0.24986639618873596 0
1731090383865 0.2498662918806076 0
1731090383867 0.24986620247364044 0
1731090383870 0.24986612796783447 0
1731090383871 0.2498660534620285 0
1731090383874 0.24986596405506134 0
1731090383876 0.24986587464809418 0
1731090383878 0.2498658001422882 0
1731090383880 0.24986569583415985 0
1731090383882 0.24986562132835388 0
1731090383884 0.24986553192138672 0
1731090383886 0.24986547231674194 0
1731090383888 0.2498653680086136 0
1731090383890 0.24986529350280762 0
1731090383892 0.24986520409584045 0
1731090383894 0.2498650997877121 0
1731090383896 0.24986504018306732 0
1731090383898 0.24986493587493896 0
1731090383900 0.249864861369133 0
1731090383902 0.24986477196216583 0
1731090383904 0.24986466765403748 0
1731090383906 0.2498646080493927 0
1731090383908 0.24986450374126434 0
1731090383911 0.24986444413661957 0
1731090383913 0.2498643696308136 0
1731090383915 0.24986426532268524 0
1731090383917 0.24986420571804047 0
1731090383919 0.24986408650875092 0
1731090383921 0.24986401200294495 0
1731090383922 0.24986393749713898 0
1731090383924 0.24986383318901062 0
1731090383926 0.24986378848552704 0
1731090383928 0.24986368417739868 0
1731090383931 0.2498636096715927 0
1731090383934 0.24986350536346436 0
1731090383936 0.2498634308576584 0
1731090383939 0.24986334145069122 0
1731090383941 0.24986325204372406 0
1731090383943 0.2498631775379181 0
1731090383946 0.24986310303211212 0
1731090383948 0.24986301362514496 0
1731090383951 0.2498629093170166 0
1731090383954 0.24986284971237183 0
1731090383957 0.24986277520656586 0
1731090383959 0.2498626708984375 0
1731090383962 0.24986258149147034 0
1731090383964 0.24986250698566437 0
1731090383967 0.2498624175786972 0
1731090383970 0.24986235797405243 0
1731090383973 0.24986225366592407 0
1731090383975 0.2498621791601181 0
1731090383978 0.24986207485198975 0
1731090383981 0.24986198544502258 0
1731090383983 0.2498619258403778 0
1731090383986 0.24986182153224945 0
1731090383989 0.24986174702644348 0
1731090383991 0.24986165761947632 0
1731090383994 0.24986158311367035 0
1731090383997 0.24986149370670319 0
1731090383999 0.24986141920089722 0
1731090384002 0.24986131489276886 0
1731090384004 0.2498612403869629 0
1731090384007 0.24986115097999573 0
1731090384009 0.24986106157302856 0
1731090384012 0.2498609870672226 0
1731090384015 0.24986088275909424 0
1731090384017 0.24986082315444946 0
1731090384020 0.2498607188463211 0
1731090384023 0.24986064434051514 0
1731090384025 0.24986056983470917 0
1731090384028 0.2498604953289032 0
1731090384031 0.24986039102077484 0
1731090384034 0.24986031651496887 0
1731090384036 0.2498602271080017 0
1731090384038 0.24986013770103455 0
1731090384041 0.24986006319522858 0
1731090384044 0.24985995888710022 0
1731090384046 0.24985988438129425 0
1731090384048 0.2498597949743271 0
1731090384050 0.2498597353696823 0
1731090384052 0.24985963106155396 0
1731090384054 0.24985955655574799 0
1731090384056 0.24985948204994202 0
1731090384058 0.24985936284065247 0
1731090384060 0.2498592883348465 0
1731090384062 0.24985919892787933 0
1731090384064 0.24985912442207336 0
1731090384067 0.2498590350151062 0
1731090384068 0.24985897541046143 0
1731090384070 0.24985888600349426 0
1731090384072 0.2498587965965271 0
1731090384075 0.24985870718955994 0
