1731093362454 0.7368084192276001 0
1731093362458 0.7325328588485718 1
1731093362460 0.7286732792854309 2
1731093362462 0.7251895070075989 3
1731093362464 0.7220450043678284 4
1731093362466 0.7192068099975586 5
1731093362469 0.7166448831558228 6
1731093362471 0.7143321633338928 7
1731093362473 0.7122441530227661 8
1731093362475 0.710358738899231 9
1731093362477 0.7086557149887085 10
1731093362479 0.7071172595024109 11
1731093362481 0.7057269215583801 12
1731093362486 0.7044698596000671 13
1731093362488 0.703332781791687 14
1731093362490 0.7023038864135742 15
1731093362493 0.7013720870018005 16
1731093362498 0.7005276679992676 17
1731093362501 0.6997619867324829 18
1731093362504 0.6990669965744019 19
1731093362506 0.6984355449676514 20
1731093362509 0.6978611946105957 21
1731093362512 0.6973382234573364 22
1731093362514 0.6968614459037781 23
1731093362516 0.6964260339736938 24
1731093362521 0.6960278749465942 25
1731093362523 0.6956630945205688 26
1731093362525 0.6953282952308655 27
1731093362527 0.6950203776359558 28
1731093362529 0.6947367191314697 29
1731093362531 0.6944746971130371 30
1731093362533 0.694232165813446 31
1731093362535 0.6940070986747742 32
1731093362537 0.6937975883483887 33
1731093362539 0.6936021447181702 34
1731093362541 0.6934192180633545 35
1731093362543 0.6932475566864014 36
1731093362545 0.6930860280990601 37
1731093362547 0.6929334402084351 38
1731093362549 0.6927889585494995 39
1731093362551 0.6926517486572266 40
1731093362553 0.6925209760665894 41
1731093362555 0.6923959851264954 42
1731093362557 0.6922760605812073 43
1731093362559 0.6921607851982117 44
1731093362561 0.6920496225357056 45
1731093362563 0.6919421553611755 46
1731093362565 0.6918378472328186 47
1731093362567 0.6917365789413452 48
1731093362569 0.6916377544403076 49
1731093362571 0.6915411949157715 50
1731093362573 0.6914467811584473 51
1731093362575 0.691353976726532 52
1731093362577 0.6912627220153809 53
1731093362579 0.6911730170249939 54
1731093362581 0.6910843849182129 55
1731093362583 0.6909967660903931 56
1731093362585 0.6909101009368896 57
1731093362587 0.6908242702484131 58
1731093362589 0.6907389163970947 59
1731093362591 0.6906542778015137 60
1731093362593 0.690570056438446 61
1731093362595 0.6904862523078918 62
1731093362597 0.6904027462005615 63
1731093362599 0.6903194785118103 64
1731093362601 0.6902363300323486 65
1731093362603 0.690153181552887 66
1731093362605 0.6900703310966492 67
1731093362608 0.6899874210357666 68
1731093362611 0.6899043917655945 69
1731093362613 0.6898214221000671 70
1731093362616 0.6897382736206055 71
1731093362618 0.6896550059318542 72
1731093362621 0.6895715594291687 73
1731093362624 0.689487874507904 74
1731093362626 0.6894040703773499 75
1731093362629 0.6893198490142822 76
1731093362631 0.689235508441925 77
1731093362634 0.6891508102416992 78
1731093362637 0.6890658140182495 79
1731093362639 0.6889805793762207 80
1731093362642 0.6888947486877441 81
1731093362644 0.6888086199760437 82
1731093362647 0.6887222528457642 83
1731093362650 0.6886353492736816 84
1731093362653 0.6885480284690857 85
1731093362655 0.6884602904319763 86
1731093362658 0.6883721351623535 87
1731093362661 0.6882835626602173 88
1731093362663 0.6881943941116333 89
1731093362666 0.6881048083305359 90
1731093362668 0.6880146861076355 91
1731093362671 0.6879240274429321 92
1731093362674 0.6878328323364258 93
1731093362677 0.687741219997406 94
1731093362680 0.6876489520072937 95
1731093362683 0.6875561475753784 96
1731093362685 0.6874628067016602 97
1731093362688 0.6873688697814941 98
1731093362690 0.6872742176055908 99
1731093362693 0.6871790885925293 100
1731093362695 0.6870833039283752 101
1731093362698 0.6869868040084839 102
1731093362701 0.6868897676467896 103
1731093362704 0.6867920160293579 104
1731093362707 0.6866936087608337 105
1731093362710 0.686594545841217 106
1731093362713 0.6864948272705078 107
1731093362715 0.6863942742347717 108
1731093362717 0.6862930655479431 109
1731093362720 0.6861911416053772 110
1731093362723 0.686088502407074 111
1731093362726 0.6859850883483887 112
1731093362732 0.6858808994293213 113
1731093362734 0.6857759952545166 114
1731093362736 0.6856702566146851 115
1731093362738 0.6855636835098267 116
1731093362741 0.6854562759399414 117
1731093362743 0.6853481531143188 118
1731093362746 0.6852391362190247 119
1731093362748 0.6851292848587036 120
1731093362750 0.6850185394287109 121
1731093362752 0.6849068999290466 122
1731093362755 0.6847944259643555 123
1731093362757 0.6846810579299927 124
1731093362759 0.6845666766166687 125
1731093362761 0.6844514608383179 126
1731093362763 0.6843352317810059 127
1731093362765 0.6842181086540222 128
1731093362767 0.6841000318527222 129
1731093362769 0.6839808821678162 130
1731093362771 0.6838608384132385 131
1731093362773 0.6837397813796997 132
1731093362775 0.6836175322532654 133
1731093362777 0.6834944486618042 134
1731093362779 0.6833702325820923 135
1731093362781 0.6832448840141296 136
1731093362783 0.6831185221672058 137
1731093362785 0.6829910278320312 138
1731093362787 0.6828625202178955 139
1731093362789 0.6827328205108643 140
1731093362792 0.6826019883155823 141
1731093362794 0.68246990442276 142
1731093362796 0.6823368072509766 143
1731093362798 0.6822024583816528 144
1731093362800 0.682066798210144 145
1731093362802 0.6819300651550293 146
1731093362804 0.6817920207977295 147
1731093362806 0.6816527247428894 148
1731093362809 0.6815122365951538 149
1731093362813 0.6813703775405884 150
1731093362816 0.6812272071838379 151
1731093362819 0.6810827851295471 152
1731093362822 0.6809370517730713 153
1731093362825 0.6807898879051208 154
1731093362828 0.6806414127349854 155
1731093362831 0.6804915070533752 156
1731093362834 0.6803402304649353 157
1731093362836 0.6801875829696655 158
1731093362839 0.6800335049629211 159
1731093362842 0.6798778772354126 160
1731093362845 0.6797208786010742 161
1731093362847 0.6795622706413269 162
1731093362850 0.6794022917747498 163
1731093362852 0.6792407035827637 164
1731093362855 0.679077684879303 165
1731093362858 0.6789129972457886 166
1731093362861 0.6787468194961548 167
1731093362863 0.6785789728164673 168
1731093362866 0.6784094572067261 169
1731093362868 0.6782383918762207 170
1731093362871 0.6780657172203064 171
1731093362874 0.6778913736343384 172
1731093362876 0.6777153015136719 173
1731093362879 0.6775375604629517 174
1731093362882 0.6773580312728882 175
1731093362885 0.6771767735481262 176
1731093362887 0.6769937872886658 177
1731093362890 0.6768090724945068 178
1731093362893 0.6766223907470703 179
1731093362895 0.6764340400695801 180
1731093362898 0.676243782043457 181
1731093362900 0.6760517358779907 182
1731093362903 0.6758577227592468 183
1731093362905 0.6756619215011597 184
1731093362908 0.6754640340805054 185
1731093362911 0.6752643585205078 186
1731093362913 0.6750627160072327 187
1731093362916 0.6748590469360352 188
1731093362919 0.6746534109115601 189
1731093362921 0.674445629119873 190
1731093362924 0.674235999584198 191
1731093362926 0.674024224281311 192
1731093362928 0.6738103628158569 193
1731093362930 0.6735944747924805 194
1731093362932 0.6733764410018921 195
1731093362935 0.673156201839447 196
1731093362937 0.67293381690979 197
1731093362939 0.6727093458175659 198
1731093362941 0.6724825501441956 199
1731093362943 0.6722536087036133 200
1731093362945 0.6720223426818848 201
1731093362947 0.6717889308929443 202
1731093362949 0.6715531945228577 203
1731093362952 0.6713151931762695 204
1731093362954 0.6710747480392456 205
1731093362956 0.670832097530365 206
1731093362958 0.6705870628356934 207
1731093362960 0.6703395247459412 208
1731093362962 0.6700897216796875 209
1731093362964 0.6698373556137085 210
1731093362965 0.6695826649665833 211
1731093362968 0.6693254709243774 212
1731093362970 0.6690657138824463 213
1731093362972 0.6688035130500793 214
1731093362974 0.6685387492179871 215
1731093362976 0.6682713627815247 216
1731093362978 0.6680015325546265 217
1731093362980 0.6677290201187134 218
1731093362982 0.667453944683075 219
1731093362984 0.6671761870384216 220
1731093362986 0.6668958067893982 221
1731093362988 0.6666126847267151 222
1731093362990 0.6663269400596619 223
1731093362992 0.666038453578949 224
1731093362994 0.6657471656799316 225
1731093362996 0.6654531955718994 226
1731093362998 0.665156364440918 227
1731093363000 0.6648567318916321 228
1731093363002 0.664554238319397 229
1731093363004 0.6642489433288574 230
1731093363006 0.6639408469200134 231
1731093363008 0.6636297702789307 232
1731093363010 0.6633158326148987 233
1731093363012 0.6629989147186279 234
1731093363014 0.6626790761947632 235
1731093363016 0.6623561978340149 236
1731093363018 0.6620302796363831 237
1731093363020 0.6617014408111572 238
1731093363022 0.6613695025444031 239
1731093363025 0.6610344648361206 240
1731093363027 0.6606964468955994 241
1731093363030 0.660355269908905 242
1731093363032 0.6600109934806824 243
1731093363035 0.6596634984016418 244
1731093363037 0.6593128442764282 245
1731093363040 0.6589590311050415 246
1731093363043 0.6586019992828369 247
1731093363045 0.6582416296005249 248
1731093363048 0.657878041267395 249
1731093363050 0.6575112342834473 250
1731093363053 0.6571411490440369 251
1731093363055 0.6567676663398743 252
1731093363058 0.6563907861709595 253
1731093363061 0.656010627746582 254
1731093363063 0.6556270718574524 255
1731093363066 0.6552400588989258 256
1731093363068 0.6548495888710022 257
1731093363071 0.6544557213783264 258
1731093363074 0.6540583372116089 259
1731093363076 0.6536574363708496 260
1731093363079 0.6532530188560486 261
1731093363081 0.652845025062561 262
1731093363084 0.652433454990387 263
1731093363086 0.6520183682441711 264
1731093363089 0.6515995860099792 265
1731093363092 0.651177167892456 266
1731093363095 0.6507511138916016 267
1731093363097 0.6503212451934814 268
1731093363100 0.6498878598213196 269
1731093363102 0.6494506597518921 270
1731093363105 0.649009644985199 271
1731093363108 0.6485649347305298 272
1731093363111 0.648116409778595 273
1731093363113 0.6476640105247498 274
1731093363116 0.6472077369689941 275
1731093363118 0.6467475891113281 276
1731093363120 0.6462836265563965 277
1731093363124 0.6458156704902649 278
1731093363126 0.6453437805175781 279
1731093363128 0.6448678970336914 280
1731093363130 0.6443880200386047 281
1731093363133 0.6439042091369629 282
1731093363135 0.6434162855148315 283
1731093363136 0.6429243087768555 284
1731093363138 0.6424281001091003 285
1731093363141 0.6419278979301453 286
1731093363143 0.6414235830307007 287
1731093363145 0.640915036201477 288
1731093363147 0.6404023170471191 289
1731093363149 0.639885425567627 290
1731093363151 0.6393642425537109 291
1731093363153 0.6388387680053711 292
1731093363155 0.6383090019226074 293
1731093363157 0.6377749443054199 294
1731093363159 0.637236475944519 295
1731093363161 0.6366937160491943 296
1731093363163 0.6361465454101562 297
1731093363165 0.6355949640274048 298
1731093363167 0.6350388526916504 299
1731093363169 0.6344783306121826 300
1731093363171 0.6339132785797119 301
1731093363173 0.6333438158035278 302
1731093363176 0.6327696442604065 303
1731093363178 0.6321910619735718 304
1731093363180 0.6316078305244446 305
1731093363182 0.6310199499130249 306
1731093363184 0.630427360534668 307
1731093363186 0.6298301815986633 308
1731093363188 0.6292282938957214 309
1731093363190 0.6286216378211975 310
1731093363193 0.6280102729797363 311
1731093363195 0.6273940801620483 312
1731093363197 0.6267731189727783 313
1731093363199 0.6261473298072815 314
1731093363201 0.6255166530609131 315
1731093363203 0.6248810887336731 316
1731093363205 0.6242407560348511 317
1731093363207 0.6235952973365784 318
1731093363209 0.6229450106620789 319
1731093363211 0.6222897171974182 320
1731093363213 0.6216293573379517 321
1731093363215 0.6209641695022583 322
1731093363217 0.6202936768531799 323
1731093363219 0.61961829662323 324
1731093363221 0.6189377307891846 325
1731093363223 0.6182520389556885 326
1731093363225 0.6175612807273865 327
1731093363227 0.6168652772903442 328
1731093363229 0.6161641478538513 329
1731093363232 0.6154577732086182 330
1731093363234 0.6147462129592896 331
1731093363237 0.6140292882919312 332
1731093363239 0.6133070588111877 333
1731093363242 0.6125797033309937 334
1731093363245 0.6118468642234802 335
1731093363247 0.6111087799072266 336
1731093363250 0.6103653311729431 337
1731093363253 0.6096163988113403 338
1731093363255 0.608862042427063 339
1731093363258 0.6081023812294006 340
1731093363261 0.607337236404419 341
1731093363263 0.6065666079521179 342
1731093363266 0.6057904958724976 343
1731093363269 0.6050089001655579 344
1731093363271 0.6042217016220093 345
1731093363274 0.6034290790557861 346
1731093363277 0.6026308536529541 347
1731093363279 0.6018270254135132 348
1731093363281 0.6010176539421082 349
1731093363284 0.600202739238739 350
1731093363286 0.5993820428848267 351
1731093363289 0.5985558032989502 352
1731093363291 0.5977239012718201 353
1731093363294 0.5968864560127258 354
1731093363297 0.5960431098937988 355
1731093363299 0.5951942205429077 356
1731093363302 0.5943396091461182 357
1731093363305 0.5934792757034302 358
1731093363307 0.5926132202148438 359
1731093363310 0.5917414426803589 360
1731093363312 0.5908639430999756 361
1731093363315 0.5899806618690491 362
1731093363318 0.5890915989875793 363
1731093363321 0.5881967544555664 364
1731093363324 0.5872961282730103 365
1731093363326 0.5863897800445557 366
1731093363329 0.5854775905609131 367
1731093363332 0.5845596790313721 368
1731093363334 0.5836359262466431 369
1731093363337 0.5827063322067261 370
1731093363338 0.5817708969116211 371
1731093363341 0.5808297395706177 372
1731093363343 0.5798826813697815 373
1731093363345 0.5789297819137573 374
1731093363347 0.5779712200164795 375
1731093363350 0.5770066380500793 376
1731093363352 0.5760364532470703 377
1731093363354 0.5750603079795837 378
1731093363356 0.5740783214569092 379
1731093363358 0.573090672492981 380
1731093363360 0.5720970034599304 381
1731093363363 0.5710976123809814 382
1731093363365 0.5700925588607788 383
1731093363366 0.5690814852714539 384
1731093363368 0.5680647492408752 385
1731093363371 0.5670422315597534 386
1731093363373 0.5660139322280884 387
1731093363375 0.5649797320365906 388
1731093363377 0.5639398694038391 389
1731093363379 0.562894344329834 390
1731093363381 0.5618429183959961 391
1731093363383 0.5607858896255493 392
1731093363385 0.5597230195999146 393
1731093363387 0.5586546063423157 394
1731093363389 0.5575803518295288 395
1731093363392 0.5565004348754883 396
1731093363394 0.5554149150848389 397
1731093363396 0.5543237924575806 398
1731093363398 0.5532270073890686 399
1731093363400 0.5521245002746582 400
1731093363402 0.5510164499282837 401
1731093363404 0.5499029159545898 402
1731093363406 0.5487837791442871 403
1731093363409 0.5476589798927307 404
1731093363411 0.5465288162231445 405
1731093363413 0.5453931093215942 406
1731093363415 0.5442519187927246 407
1731093363417 0.5431052446365356 408
1731093363419 0.5419532060623169 409
1731093363421 0.5407958030700684 410
1731093363423 0.5396329164505005 411
1731093363425 0.5384647846221924 412
1731093363427 0.5372912883758545 413
1731093363429 0.5361124277114868 414
1731093363431 0.5349284410476685 415
1731093363433 0.5337390899658203 416
1731093363436 0.5325445532798767 417
1731093363438 0.5313448905944824 418
1731093363441 0.5301400423049927 419
1731093363443 0.5289300680160522 420
1731093363446 0.5277150273323059 421
1731093363448 0.5264949798583984 422
1731093363451 0.5252699255943298 423
1731093363453 0.5240398645401001 424
1731093363456 0.5228049159049988 425
1731093363459 0.5215650796890259 426
1731093363461 0.5203202962875366 427
1731093363464 0.5190706849098206 428
1731093363467 0.5178163051605225 429
1731093363469 0.5165571570396423 430
1731093363471 0.5152933597564697 431
1731093363475 0.5140248537063599 432
1731093363477 0.5127516984939575 433
1731093363480 0.5114739537239075 434
1731093363483 0.5101916790008545 435
1731093363487 0.5089049935340881 436
1731093363490 0.5076137781143188 437
1731093363494 0.506318211555481 438
1731093363496 0.5050182342529297 439
1731093363499 0.5037139058113098 440
1731093363502 0.5024053454399109 441
1731093363504 0.5010925531387329 442
1731093363508 0.49977558851242065 443
1731093363510 0.49845457077026367 444
1731093363513 0.4971293807029724 445
1731093363515 0.4958001971244812 446
1731093363518 0.4944670796394348 447
1731093363520 0.4931299686431885 448
1731093363523 0.4917890429496765 449
1731093363525 0.4904443025588989 450
1731093363528 0.4890957772731781 451
1731093363530 0.487743616104126 452
1731093363533 0.4863876700401306 453
1731093363536 0.4850282073020935 454
1731093363538 0.4836651682853699 455
1731093363541 0.48229876160621643 456
1731093363543 0.48092880845069885 457
1731093363545 0.47955554723739624 458
1731093363547 0.47817888855934143 459
1731093363549 0.4767990708351135 460
1731093363551 0.47541600465774536 461
1731093363553 0.4740298390388489 462
1731093363555 0.4726405739784241 463
1731093363557 0.4712483286857605 464
1731093363559 0.46985316276550293 465
1731093363561 0.4684550166130066 466
1731093363563 0.4670541286468506 467
1731093363566 0.46565043926239014 468
1731093363568 0.4642440676689148 469
1731093363570 0.46283507347106934 470
1731093363572 0.46142342686653137 471
1731093363574 0.4600093960762024 472
1731093363576 0.45859286189079285 473
1731093363578 0.4571739137172699 474
1731093363580 0.45575276017189026 475
1731093363582 0.45432931184768677 476
1731093363584 0.45290374755859375 477
1731093363586 0.45147600769996643 478
1731093363588 0.45004624128341675 479
1731093363590 0.44861453771591187 480
1731093363592 0.44718092679977417 481
1731093363594 0.44574546813964844 482
1731093363596 0.44430822134017944 483
1731093363598 0.4428693950176239 484
1731093363600 0.44142889976501465 485
1731093363602 0.4399867653846741 486
1731093363604 0.43854326009750366 487
1731093363606 0.43709829449653625 488
1731093363608 0.4356519877910614 489
1731093363610 0.43420445919036865 490
1731093363613 0.43275564908981323 491
1731093363615 0.43130576610565186 492
1731093363617 0.4298548698425293 493
1731093363619 0.42840299010276794 494
1731093363621 0.4269501268863678 495
1731093363623 0.42549651861190796 496
1731093363625 0.4240420460700989 497
1731093363627 0.42258694767951965 498
1731093363629 0.4211311936378479 499
1731093363631 0.41967499256134033 500
1731093363633 0.4182182252407074 501
1731093363635 0.41676104068756104 502
1731093363637 0.4153035879135132 503
1731093363640 0.413845956325531 504
1731093363643 0.41238799691200256 505
1731093363645 0.4109300374984741 506
1731093363647 0.40947195887565613 507
1731093363650 0.4080139994621277 508
1731093363652 0.40655604004859924 509
1731093363655 0.4050983786582947 510
1731093363658 0.4036409258842468 511
1731093363660 0.4021838307380676 512
1731093363663 0.4007270932197571 513
1731093363666 0.39927083253860474 514
1731093363669 0.39781516790390015 515
1731093363671 0.3963601589202881 516
1731093363674 0.3949057459831238 517
1731093363677 0.39345216751098633 518
1731093363679 0.3919993042945862 519
1731093363682 0.3905474543571472 520
1731093363685 0.38909655809402466 521
1731093363687 0.3876466751098633 522
1731093363690 0.3861979842185974 523
1731093363693 0.3847503960132599 524
1731093363695 0.3833041191101074 525
1731093363698 0.38185909390449524 526
1731093363701 0.38041549921035767 527
1731093363704 0.37897342443466187 528
1731093363707 0.37753280997276306 529
1731093363709 0.3760938048362732 530
1731093363712 0.37465646862983704 531
1731093363714 0.37322089076042175 532
1731093363717 0.37178704142570496 533
1731093363719 0.3703550696372986 534
1731093363722 0.3689250349998474 535
1731093363725 0.367497056722641 536
1731093363727 0.36607104539871216 537
1731093363730 0.36464715003967285 538
1731093363732 0.36322546005249023 539
1731093363735 0.36180606484413147 540
1731093363737 0.3603888750076294 541
1731093363741 0.3589741289615631 542
1731093363743 0.357561856508255 543
1731093363745 0.3561519980430603 544
1731093363747 0.35474467277526855 545
1731093363749 0.3533399701118469 546
1731093363751 0.3519379794597626 547
1731093363753 0.3505386710166931 548
1731093363755 0.3491421043872833 549
1731093363758 0.34774845838546753 550
1731093363760 0.34635770320892334 551
1731093363762 0.34496986865997314 552
1731093363764 0.3435850143432617 553
1731093363766 0.3422032594680786 554
1731093363768 0.34082457423210144 555
1731093363770 0.33944904804229736 556
1731093363772 0.33807677030563354 557
1731093363774 0.3367077112197876 558
1731093363776 0.3353419899940491 559
1731093363778 0.33397966623306274 560
1731093363780 0.33262065052986145 561
1731093363782 0.3312651813030243 562
1731093363784 0.3299131393432617 563
1731093363786 0.32856473326683044 564
1731093363788 0.3272199034690857 565
1731093363790 0.32587867975234985 566
1731093363792 0.3245411813259125 567
1731093363794 0.3232073187828064 568
1731093363796 0.32187730073928833 569
1731093363798 0.3205510973930359 570
1731093363800 0.31922873854637146 571
1731093363802 0.31791022419929504 572
1731093363804 0.3165956437587738 573
1731093363806 0.3152851462364197 574
1731093363808 0.31397855281829834 575
1731093363810 0.31267601251602173 576
1731093363812 0.31137749552726746 577
1731093363814 0.31008315086364746 578
1731093363816 0.30879294872283936 579
1731093363818 0.30750688910484314 580
1731093363820 0.30622515082359314 581
1731093363822 0.30494755506515503 582
1731093363824 0.30367422103881836 583
1731093363826 0.3024052679538727 584
1731093363828 0.30114060640335083 585
1731093363830 0.2998802959918976 586
1731093363833 0.2986243963241577 587
1731093363834 0.2973729074001312 588
1731093363837 0.2961258590221405 589
1731093363839 0.29488325119018555 590
1731093363841 0.2936451733112335 591
1731093363844 0.29241159558296204 592
1731093363846 0.2911825478076935 593
1731093363849 0.28995808959007263 594
1731093363852 0.2887381911277771 595
1731093363854 0.2875228822231293 596
1731093363857 0.2863122522830963 597
1731093363860 0.28510618209838867 598
1731093363862 0.2839047908782959 599
1731093363865 0.2827081084251404 600
1731093363867 0.2815161347389221 601
1731093363870 0.2803288400173187 602
1731093363873 0.279146283864975 603
1731093363875 0.2779684364795685 604
1731093363878 0.2767954170703888 605
1731093363880 0.275627076625824 606
1731093363883 0.2744635343551636 607
1731093363886 0.27330487966537476 608
1731093363888 0.2721509635448456 609
1731093363891 0.2710018455982208 610
1731093363893 0.26985758543014526 611
1731093363896 0.2687181234359741 612
1731093363898 0.2675834894180298 613
1731093363901 0.26645374298095703 614
1731093363904 0.26532885432243347 615
1731093363907 0.2642088234424591 616
1731093363910 0.26309362053871155 617
1731093363912 0.26198339462280273 618
1731093363915 0.2608779966831207 619
1731093363918 0.2597774267196655 620
1731093363920 0.2586818337440491 621
1731093363923 0.2575910687446594 622
1731093363926 0.25650525093078613 623
1731093363928 0.25542426109313965 624
1731093363931 0.25434818863868713 625
1731093363933 0.2532770335674286 626
1731093363936 0.25221073627471924 627
1731093363938 0.25114938616752625 628
1731093363941 0.25009289383888245 629
1731093363944 0.24904128909111023 630
1731093363946 0.24799463152885437 631
1731093363948 0.24695280194282532 632
1731093363951 0.24591591954231262 633
1731093363953 0.24488388001918793 634
1731093363955 0.24385672807693481 635
1731093363957 0.2428344488143921 636
1731093363960 0.24181705713272095 637
1731093363961 0.2408044934272766 638
1731093363963 0.23979684710502625 639
1731093363966 0.23879402875900269 640
1731093363968 0.23779600858688354 641
1731093363970 0.23680290579795837 642
1731093363972 0.23581460118293762 643
1731093363974 0.2348310798406601 644
1731093363976 0.23385243117809296 645
1731093363978 0.23287856578826904 646
1731093363980 0.23190952837467194 647
1731093363982 0.23094528913497925 648
1731093363984 0.22998575866222382 649
1731093363986 0.22903111577033997 650
1731093363988 0.22808116674423218 651
1731093363990 0.22713595628738403 652
1731093363992 0.22619546949863434 653
1731093363994 0.2252597212791443 654
1731093363996 0.22432872653007507 655
1731093363998 0.22340239584445953 656
1731093364000 0.22248080372810364 657
1731093364002 0.22156386077404022 658
1731093364004 0.2206515669822693 659
1731093364006 0.21974395215511322 660
1731093364008 0.21884101629257202 661
1731093364010 0.21794265508651733 662
1731093364012 0.21704894304275513 663
1731093364014 0.21615979075431824 664
1731093364016 0.21527525782585144 665
1731093364018 0.21439528465270996 666
1731093364020 0.2135198414325714 667
1731093364022 0.21264898777008057 668
1731093364024 0.21178260445594788 669
1731093364026 0.21092075109481812 670
1731093364028 0.2100633978843689 671
1731093364030 0.20921054482460022 672
1731093364032 0.2083621323108673 673
1731093364034 0.20751819014549255 674
1731093364036 0.20667865872383118 675
1731093364038 0.2058435082435608 676
1731093364040 0.20501281321048737 677
1731093364042 0.20418649911880493 678
1731093364044 0.2033645212650299 679
1731093364046 0.2025468647480011 680
1731093364049 0.2017335444688797 681
1731093364051 0.2009246051311493 682
1731093364053 0.20011989772319794 683
1731093364056 0.1993194818496704 684
1731093364058 0.19852331280708313 685
1731093364061 0.19773142039775848 686
1731093364063 0.1969437301158905 687
1731093364066 0.196160227060318 688
1731093364068 0.19538098573684692 689
1731093364070 0.19460582733154297 690
1731093364073 0.19383485615253448 691
1731093364075 0.1930679827928543 692
1731093364078 0.19230526685714722 693
1731093364080 0.19154658913612366 694
1731093364082 0.19079209864139557 695
1731093364085 0.19004160165786743 696
1731093364087 0.18929511308670044 697
1731093364090 0.1885526478290558 698
1731093364093 0.18781420588493347 699
1731093364095 0.18707972764968872 700
1731093364098 0.1863492727279663 701
1731093364101 0.18562275171279907 702
1731093364103 0.18490007519721985 703
1731093364105 0.1841813623905182 704
1731093364108 0.18346652388572693 705
1731093364111 0.18275552988052368 706
1731093364113 0.18204842507839203 707
1731093364116 0.1813451498746872 708
1731093364118 0.1806456744670868 709
1731093364121 0.17994999885559082 710
1731093364124 0.1792580485343933 711
1731093364127 0.17856991291046143 712
1731093364129 0.17788547277450562 713
1731093364131 0.17720480263233185 714
1731093364134 0.17652775347232819 715
1731093364137 0.17585442960262299 716
1731093364139 0.1751847118139267 717
1731093364142 0.17451870441436768 718
1731093364144 0.1738562434911728 719
1731093364147 0.1731974482536316 720
1731093364149 0.17254215478897095 721
1731093364152 0.1718904674053192 722
1731093364155 0.17124229669570923 723
1731093364157 0.17059765756130219 724
1731093364159 0.16995657980442047 725
1731093364161 0.16931889951229095 726
1731093364163 0.168684720993042 727
1731093364165 0.16805396974086761 728
1731093364167 0.1674267053604126 729
1731093364169 0.1668027639389038 730
1731093364171 0.1661822348833084 731
1731093364173 0.1655651330947876 732
1731093364175 0.16495132446289062 733
1731093364177 0.16434088349342346 734
1731093364180 0.16373372077941895 735
1731093364181 0.16312986612319946 736
1731093364184 0.16252928972244263 737
1731093364186 0.16193196177482605 738
1731093364188 0.16133788228034973 739
1731093364190 0.16074702143669128 740
1731093364192 0.16015934944152832 741
1731093364193 0.15957489609718323 742
1731093364195 0.15899357199668884 743
1731093364197 0.15841540694236755 744
1731093364200 0.15784035623073578 745
1731093364202 0.1572684347629547 746
1731093364204 0.15669962763786316 747
1731093364206 0.15613389015197754 748
1731093364207 0.15557119250297546 749
1731093364209 0.15501154959201813 750
1731093364211 0.15445488691329956 751
1731093364213 0.15390124917030334 752
1731093364215 0.1533506214618683 753
1731093364217 0.1528029590845108 754
1731093364219 0.15225820243358612 755
1731093364221 0.151716411113739 756
1731093364223 0.1511775255203247 757
1731093364225 0.150641530752182 758
1731093364227 0.15010839700698853 759
1731093364229 0.14957816898822784 760
1731093364231 0.149050772190094 761
1731093364233 0.14852623641490936 762
1731093364235 0.1480044722557068 763
1731093364237 0.14748552441596985 764
1731093364239 0.1469692885875702 765
1731093364241 0.14645595848560333 766
1731093364243 0.1459452360868454 767
1731093364245 0.14543728530406952 768
1731093364247 0.14493206143379211 769
1731093364249 0.1444295048713684 770
1731093364251 0.14392966032028198 771
1731093364253 0.14343248307704926 772
1731093364256 0.14293792843818665 773
1731093364258 0.14244602620601654 774
1731093364260 0.14195674657821655 775
1731093364263 0.1414700299501419 776
1731093364266 0.1409858912229538 777
1731093364268 0.14050430059432983 778
1731093364270 0.140025332570076 779
1731093364273 0.13954885303974152 780
1731093364276 0.1390748918056488 781
1731093364278 0.13860347867012024 782
1731093364281 0.13813450932502747 783
1731093364283 0.13766801357269287 784
1731093364286 0.13720402121543884 785
1731093364289 0.13674241304397583 786
1731093364291 0.136283278465271 787
1731093364294 0.13582652807235718 788
1731093364297 0.13537222146987915 789
1731093364299 0.13492023944854736 790
1731093364302 0.13447065651416779 791
1731093364305 0.13402344286441803 792
1731093364308 0.13357852399349213 793
1731093364310 0.13313595950603485 794
1731093364313 0.13269570469856262 795
1731093364316 0.13225775957107544 796
1731093364318 0.13182206451892853 797
1731093364321 0.13138866424560547 798
1731093364324 0.1309574842453003 799
1731093364327 0.1305285394191742 800
1731093364330 0.13010185956954956 801
1731093364332 0.12967737019062042 802
1731093364335 0.12925508618354797 803
1731093364337 0.12883499264717102 804
1731093364340 0.12841708958148956 805
1731093364343 0.12800128757953644 806
1731093364345 0.12758763134479523 807
1731093364348 0.1271761804819107 808
1731093364350 0.12676680088043213 809
1731093364353 0.12635952234268188 810
1731093364356 0.12595432996749878 811
1731093364358 0.12555119395256042 812
1731093364361 0.1251501739025116 813
1731093364363 0.12475118041038513 814
1731093364365 0.12435425072908401 815
1731093364367 0.12395928055047989 816
1731093364369 0.12356641888618469 817
1731093364371 0.1231754943728447 818
1731093364373 0.12278658896684647 819
1731093364375 0.12239961326122284 820
1731093364377 0.12201464176177979 821
1731093364379 0.12163160741329193 822
1731093364381 0.12125052511692047 823
1731093364383 0.12087135761976242 824
1731093364385 0.12049414217472076 825
1731093364387 0.12011879682540894 826
1731093364389 0.11974531412124634 827
1731093364391 0.11937375366687775 828
1731093364394 0.11900408565998077 829
1731093364397 0.11863622069358826 830
1731093364399 0.11827024072408676 831
1731093364401 0.11790607124567032 832
1731093364402 0.11754374206066132 833
1731093364404 0.11718320846557617 834
1731093364406 0.11682446300983429 835
1731093364408 0.11646749079227448 836
1731093364410 0.1161123588681221 837
1731093364412 0.11575894802808762 838
1731093364414 0.1154073029756546 839
1731093364416 0.11505741626024246 840
1731093364418 0.11470925807952881 841
1731093364420 0.11436280608177185 842
1731093364422 0.11401808261871338 843
1731093364424 0.113675057888031 844
1731093364426 0.11333372443914413 845
1731093364428 0.11299406737089157 846
1731093364430 0.11265610158443451 847
1731093364432 0.11231975257396698 848
1731093364434 0.11198504269123077 849
1731093364436 0.11165203154087067 850
1731093364438 0.1113206297159195 851
1731093364440 0.11099085211753845 852
1731093364442 0.11066262423992157 853
1731093364444 0.11033608019351959 854
1731093364446 0.11001104861497879 855
1731093364449 0.10968764126300812 856
1731093364451 0.1093657836318016 857
1731093364453 0.10904552042484283 858
1731093364455 0.10872678458690643 859
1731093364458 0.1084095910191536 860
1731093364460 0.10809391736984253 861
1731093364462 0.10777978599071503 862
1731093364464 0.1074671745300293 863
1731093364467 0.10715605318546295 864
1731093364470 0.1068464145064354 865
1731093364472 0.10653826594352722 866
1731093364475 0.10623158514499664 867
1731093364478 0.10592640936374664 868
1731093364480 0.10562266409397125 869
1731093364483 0.10532033443450928 870
1731093364486 0.10501949489116669 871
1731093364488 0.10472007095813751 872
1731093364491 0.10442206263542175 873
1731093364494 0.1041254997253418 874
1731093364496 0.10383030027151108 875
1731093364499 0.10353653132915497 876
1731093364501 0.1032441258430481 877
1731093364504 0.10295309126377106 878
1731093364507 0.10266345739364624 879
1731093364509 0.10237514972686768 880
1731093364512 0.10208824276924133 881
1731093364515 0.10180264711380005 882
1731093364517 0.10151836276054382 883
1731093364520 0.10123546421527863 884
1731093364523 0.10095387697219849 885
1731093364525 0.10067358613014221 886
1731093364528 0.100394606590271 887
1731093364531 0.10011693835258484 888
1731093364533 0.09984056651592255 889
1731093364536 0.09956544637680054 890
1731093364539 0.09929162263870239 891
1731093364541 0.09901902824640274 892
1731093364544 0.09874773025512695 893
1731093364547 0.09847769141197205 894
1731093364549 0.09820888936519623 895
1731093364552 0.0979413241147995 896
1731093364554 0.09767496585845947 897
1731093364557 0.09740984439849854 898
1731093364560 0.09714597463607788 899
1731093364562 0.09688324481248856 900
1731093364564 0.09662176668643951 901
1731093364566 0.09636147320270538 902
1731093364568 0.09610233455896378 903
1731093364570 0.09584444016218185 904
1731093364573 0.09558765590190887 905
1731093364576 0.09533204138278961 906
1731093364579 0.09507763385772705 907
1731093364581 0.09482432901859283 908
1731093364584 0.09457217901945114 909
1731093364586 0.09432119131088257 910
1731093364588 0.09407129883766174 911
1731093364590 0.09382252395153046 912
1731093364592 0.09357491880655289 913
1731093364594 0.09332835674285889 914
1731093364596 0.0930829644203186 915
1731093364598 0.09283861517906189 916
1731093364600 0.09259539842605591 917
1731093364602 0.09235323965549469 918
1731093364604 0.09211216121912003 919
1731093364606 0.09187217056751251 920
1731093364608 0.09163324534893036 921
1731093364610 0.09139537066221237 922
1731093364612 0.09115855395793915 923
1731093364614 0.09092278778553009 924
1731093364616 0.0906880646944046 925
1731093364618 0.0904543474316597 926
1731093364620 0.09022169560194016 927
1731093364622 0.08999010175466537 928
1731093364624 0.08975942432880402 929
1731093364627 0.08952981233596802 930
1731093364629 0.08930124342441559 931
1731093364631 0.08907359838485718 932
1731093364633 0.08884698152542114 933
1731093364634 0.0886213481426239 934
1731093364636 0.08839669823646545 935
1731093364638 0.0881730392575264 936
1731093364640 0.08795030415058136 937
1731093364643 0.08772861957550049 938
1731093364645 0.08750785142183304 939
1731093364647 0.08728798478841782 940
1731093364649 0.08706913888454437 941
1731093364651 0.08685120940208435 942
1731093364653 0.08663423359394073 943
1731093364655 0.08641816675662994 944
1731093364657 0.08620302379131317 945
1731093364659 0.08598882704973221 946
1731093364662 0.08577552437782288 947
1731093364665 0.08556313812732697 948
1731093364667 0.08535165339708328 949
1731093364670 0.08514107018709183 950
1731093364672 0.084931381046772 951
1731093364675 0.0847226083278656 952
1731093364678 0.08451472222805023 953
1731093364680 0.08430768549442291 954
1731093364683 0.08410154283046722 955
1731093364685 0.08389627188444138 956
1731093364688 0.08369186520576477 957
1731093364691 0.08348832279443741 958
1731093364693 0.08328564465045929 959
1731093364695 0.08308377861976624 960
1731093364697 0.08288279175758362 961
1731093364700 0.08268263190984726 962
1731093364703 0.08248330652713776 963
1731093364705 0.0822848305106163 964
1731093364708 0.08208715915679932 965
1731093364711 0.08189034461975098 966
1731093364713 0.08169430494308472 967
1731093364716 0.0814991369843483 968
1731093364718 0.08130470663309097 969
1731093364721 0.0811111181974411 970
1731093364724 0.0809183195233345 971
1731093364726 0.08072634041309357 972
1731093364728 0.08053513616323471 973
1731093364731 0.08034470677375793 974
1731093364734 0.08015505224466324 975
1731093364736 0.07996620982885361 976
1731093364738 0.07977813482284546 977
1731093364741 0.0795908272266388 978
1731093364744 0.07940427213907242 979
1731093364746 0.07921846956014633 980
1731093364749 0.07903345674276352 981
1731093364751 0.0788491740822792 982
1731093364753 0.07866564393043518 983
1731093364756 0.07848286628723145 984
1731093364758 0.07830081880092621 985
1731093364762 0.07811951637268066 986
1731093364764 0.07793892920017242 987
1731093364766 0.07775906473398209 988
1731093364768 0.07757995277643204 989
1731093364770 0.07740157842636108 990
1731093364772 0.07722385972738266 991
1731093364774 0.07704688608646393 992
1731093364776 0.0768706277012825 993
1731093364778 0.07669506222009659 994
1731093364780 0.07652021944522858 995
1731093364782 0.0763460248708725 996
1731093364784 0.07617256790399551 997
1731093364786 0.07599978148937225 998
1731093364788 0.07582767307758331 999
