1731092460735 0.2475418597459793 0
1731092460742 0.24401222169399261 1
1731092460744 0.24067285656929016 2
1731092460746 0.23751261830329895 3
1731092460749 0.23452094197273254 4
1731092460751 0.23168796300888062 5
1731092460753 0.2290043979883194 6
1731092460755 0.2264614999294281 7
1731092460757 0.22405098378658295 8
1731092460759 0.2217651605606079 9
1731092460761 0.21959663927555084 10
1731092460763 0.21753862500190735 11
1731092460768 0.21558459103107452 12
1731092460770 0.21372848749160767 13
1731092460772 0.2121112197637558 14
1731092460774 0.21094568073749542 15
1731092460777 0.2098662257194519 16
1731092460778 0.20867791771888733 17
1731092460781 0.20752538740634918 18
1731092460783 0.20664082467556 19
1731092460785 0.20558670163154602 20
1731092460787 0.20453664660453796 21
1731092460789 0.20368000864982605 22
1731092460790 0.2027929425239563 23
1731092460795 0.20183035731315613 24
1731092460798 0.2010347545146942 25
1731092460800 0.20025256276130676 26
1731092460802 0.19936446845531464 27
1731092460804 0.198658749461174 28
1731092460806 0.19792760908603668 29
1731092460808 0.197102889418602 30
1731092460810 0.19651226699352264 31
1731092460812 0.19578558206558228 32
1731092460814 0.19503846764564514 33
1731092460816 0.19454090297222137 34
1731092460818 0.1938021183013916 35
1731092460820 0.19321198761463165 36
1731092460822 0.19264724850654602 37
1731092460824 0.19194909930229187 38
1731092460826 0.19153298437595367 39
1731092460829 0.19087007641792297 40
1731092460831 0.19035108387470245 41
1731092460833 0.18983711302280426 42
1731092460835 0.18922986090183258 43
1731092460838 0.18884478509426117 44
1731092460840 0.18821942806243896 45
1731092460842 0.18782928586006165 46
1731092460844 0.1872767210006714 47
1731092460846 0.18682336807250977 48
1731092460848 0.1863640695810318 49
1731092460850 0.1858588010072708 50
1731092460852 0.18547779321670532 51
1731092460854 0.18493109941482544 52
1731092460856 0.18461453914642334 53
1731092460857 0.18404731154441833 54
1731092460859 0.18375840783119202 55
1731092460861 0.1832118034362793 56
1731092460863 0.18289831280708313 57
1731092460865 0.1823929250240326 58
1731092460867 0.1820630580186844 59
1731092460869 0.18158841133117676 60
1731092460871 0.181249737739563 61
1731092460873 0.18079625070095062 62
1731092460875 0.1804557889699936 63
1731092460877 0.1800146847963333 64
1731092460879 0.17967884242534637 65
1731092460881 0.1792420595884323 66
1731092460883 0.1789168417453766 67
1731092460885 0.17847701907157898 68
1731092460887 0.1781678944826126 69
1731092460889 0.17771823704242706 70
1731092460891 0.17743034660816193 71
1731092460893 0.1769646853208542 72
1731092460895 0.17670267820358276 73
1731092460897 0.1762162297964096 74
1731092460899 0.17598341405391693 75
1731092460901 0.17550553381443024 76
1731092460903 0.1752384603023529 77
1731092460906 0.17480120062828064 78
1731092460908 0.17449554800987244 79
1731092460911 0.1741022765636444 80
1731092460914 0.17375409603118896 81
1731092460916 0.17340780794620514 82
1731092460919 0.1730135679244995 83
1731092460921 0.17271703481674194 84
1731092460924 0.17227347195148468 85
1731092460927 0.1720292717218399 86
1731092460929 0.17157571017742157 87
1731092460932 0.17130188643932343 88
1731092460934 0.17089471220970154 89
1731092460937 0.17056028544902802 90
1731092460939 0.1702149510383606 91
1731092460942 0.16981784999370575 92
1731092460945 0.16953600943088531 93
1731092460947 0.16909290850162506 94
1731092460950 0.16883887350559235 95
1731092460953 0.16841734945774078 96
1731092460955 0.16809208691120148 97
1731092460957 0.16774141788482666 98
1731092460960 0.16734367609024048 99
1731092460963 0.16706480085849762 100
1731092460965 0.16662803292274475 101
1731092460968 0.1663527488708496 102
1731092460972 0.16595253348350525 103
1731092460974 0.16559839248657227 104
1731092460977 0.16527561843395233 105
1731092460980 0.16484230756759644 106
1731092460982 0.16459666192531586 107
1731092460985 0.16416522860527039 108
1731092460988 0.16383565962314606 109
1731092460990 0.16348616778850555 110
1731092460993 0.16307249665260315 111
1731092460996 0.16280502080917358 112
1731092460999 0.1623734086751938 113
1731092461002 0.16205522418022156 114
1731092461005 0.16169099509716034 115
1731092461008 0.16128496825695038 116
1731092461010 0.1610061228275299 117
1731092461013 0.1605755090713501 118
1731092461015 0.1602555215358734 119
1731092461017 0.15988875925540924 120
1731092461020 0.1594780832529068 121
1731092461022 0.1591993272304535 122
1731092461024 0.15876899659633636 123
1731092461026 0.15843632817268372 124
1731092461028 0.1580771952867508 125
1731092461030 0.15765181183815002 126
1731092461032 0.15738257765769958 127
1731092461034 0.15695203840732574 128
1731092461036 0.15659792721271515 129
1731092461039 0.15625472366809845 130
1731092461041 0.15582478046417236 131
1731092461043 0.15553569793701172 132
1731092461045 0.15512457489967346 133
1731092461046 0.1547393947839737 134
1731092461049 0.15442140400409698 135
1731092461051 0.15399055182933807 136
1731092461052 0.15366554260253906 137
1731092461054 0.15328434109687805 138
1731092461056 0.15286271274089813 139
1731092461058 0.15257517993450165 140
1731092461060 0.1521432101726532 141
1731092461062 0.15177756547927856 142
1731092461064 0.1514309197664261 143
1731092461066 0.1509990692138672 144
1731092461068 0.15068469941616058 145
1731092461070 0.15028363466262817 146
1731092461072 0.14987142384052277 147
1731092461074 0.14956524968147278 148
1731092461076 0.14913198351860046 149
1731092461078 0.1487681269645691 150
1731092461080 0.14841049909591675 151
1731092461082 0.14797721803188324 152
1731092461084 0.1476576328277588 153
1731092461086 0.14725254476070404 154
1731092461088 0.1468348503112793 155
1731092461090 0.146525040268898 156
1731092461092 0.14609026908874512 157
1731092461094 0.1457148641347885 158
1731092461096 0.14535968005657196 159
1731092461098 0.1449248194694519 160
1731092461100 0.14458821713924408 161
1731092461102 0.1441912204027176 162
1731092461104 0.14375704526901245 163
1731092461106 0.1434549242258072 164
1731092461108 0.14301858842372894 165
1731092461110 0.1426219344139099 166
1731092461113 0.1422131359577179 167
1731092461115 0.14147959649562836 168
1731092461118 0.1407473385334015 169
1731092461120 0.14001627266407013 170
1731092461123 0.13928644359111786 171
1731092461125 0.13855774700641632 172
1731092461128 0.13783015310764313 173
1731092461130 0.13710364699363708 174
1731092461133 0.1363782286643982 175
1731092461135 0.13565382361412048 176
1731092461137 0.13493043184280396 177
1731092461140 0.1342080533504486 178
1731092461142 0.13348668813705444 179
1731092461145 0.1327662616968155 180
1731092461147 0.13204680383205414 181
1731092461150 0.13132834434509277 182
1731092461152 0.13061080873012543 183
1731092461155 0.12989427149295807 184
1731092461157 0.12917864322662354 185
1731092461160 0.1284639984369278 186
1731092461163 0.12775032222270966 187
1731092461165 0.12703761458396912 188
1731092461167 0.12632589042186737 189
1731092461170 0.12561513483524323 190
1731092461172 0.12490537762641907 191
1731092461175 0.1241966187953949 192
1731092461178 0.12348886579275131 193
1731092461180 0.12278212606906891 194
1731092461183 0.12207644432783127 195
1731092461186 0.12137176841497421 196
1731092461188 0.12066817283630371 197
1731092461191 0.11996566504240036 198
1731092461194 0.11926425248384476 199
1731092461196 0.1185639351606369 200
1731092461199 0.1178646981716156 201
1731092461202 0.11716664582490921 202
1731092461204 0.11646974086761475 203
1731092461206 0.1157739907503128 204
1731092461209 0.11507944762706757 205
1731092461212 0.11438610404729843 206
1731092461215 0.11369398981332779 207
1731092461217 0.11300311982631683 208
1731092461219 0.11231350898742676 209
1731092461221 0.11162519454956055 210
1731092461223 0.1109381690621376 211
1731092461225 0.1102524995803833 212
1731092461227 0.10956816375255585 213
1731092461229 0.10888515412807465 214
1731092461231 0.10820358991622925 215
1731092461233 0.10752340406179428 216
1731092461236 0.10684461891651154 217
1731092461238 0.10616730153560638 218
1731092461239 0.10549145936965942 219
1731092461241 0.10481709241867065 220
1731092461243 0.10414424538612366 221
1731092461245 0.10347292572259903 222
1731092461247 0.10280315577983856 223
1731092461249 0.10213498026132584 224
1731092461251 0.10146836936473846 225
1731092461253 0.10080339014530182 226
1731092461255 0.1001400426030159 227
1731092461257 0.09947836399078369 228
1731092461259 0.0988183468580246 229
1731092461261 0.0981600433588028 230
1731092461263 0.09750344604253769 231
1731092461266 0.09684860706329346 232
1731092461268 0.09619554132223129 233
1731092461270 0.0955442562699318 234
1731092461272 0.09489478170871735 235
1731092461274 0.09424712508916855 236
1731092461276 0.09360130876302719 237
1731092461278 0.09295736998319626 238
1731092461280 0.09231532365083694 239
1731092461282 0.09167518466711044 240
1731092461284 0.09103697538375854 241
1731092461285 0.09040072560310364 242
1731092461288 0.08976642787456512 243
1731092461290 0.08913414180278778 244
1731092461292 0.08850385248661041 245
1731092461294 0.0878756120800972 246
1731092461296 0.08724940568208694 247
1731092461298 0.08662525564432144 248
1731092461300 0.08600322157144547 249
1731092461302 0.08538328111171722 250
1731092461304 0.0847654789686203 251
1731092461306 0.08414982259273529 252
1731092461308 0.08353633433580399 253
1731092461310 0.08292501419782639 254
1731092461312 0.08231590688228607 255
1731092461314 0.08170901983976364 256
1731092461316 0.08110436052083969 257
1731092461318 0.0805019736289978 258
1731092461320 0.07990185171365738 259
1731092461322 0.07930402457714081 260
1731092461325 0.07870852202177048 261
1731092461327 0.07811532914638519 262
1731092461329 0.07752448320388794 263
1731092461332 0.07693597674369812 264
1731092461334 0.07634986937046051 265
1731092461337 0.07576613873243332 266
1731092461339 0.07518482953310013 267
1731092461343 0.07460592687129974 268
1731092461346 0.07402947545051575 269
1731092461349 0.07345546036958694 270
1731092461352 0.07288391888141632 271
1731092461354 0.07231487333774567 272
1731092461357 0.07174832373857498 273
1731092461360 0.07118428498506546 274
1731092461362 0.0706227570772171 275
1731092461365 0.07006379216909409 276
1731092461367 0.06950736790895462 277
1731092461370 0.0689534991979599 278
1731092461373 0.06840222328901291 279
1731092461375 0.06785354018211365 280
1731092461378 0.06730744987726212 281
1731092461380 0.0667639970779419 282
1731092461383 0.0662231519818306 283
1731092461386 0.06568494439125061 284
1731092461388 0.06514939665794373 285
1731092461391 0.06461651623249054 286
1731092461394 0.06408629566431046 287
1731092461396 0.06355876475572586 288
1731092461399 0.06303392350673676 289
1731092461402 0.06251179426908493 290
1731092461404 0.061992350965738297 291
1731092461407 0.061475660651922226 292
1731092461409 0.06096167862415314 293
1731092461412 0.06045044958591461 294
1731092461415 0.05994196981191635 295
1731092461417 0.05943622812628746 296
1731092461420 0.05893326178193092 297
1731092461423 0.05843307450413704 298
1731092461425 0.05793565884232521 299
1731092461428 0.057441018521785736 300
1731092461430 0.05694917216897011 301
1731092461432 0.05646011605858803 302
1731092461434 0.05597388744354248 303
1731092461436 0.055490463972091675 304
1731092461438 0.05500984191894531 305
1731092461440 0.054532043635845184 306
1731092461442 0.054057080298662186 307
1731092461444 0.05358494818210602 308
1731092461446 0.053115639835596085 309
1731092461448 0.05264918506145477 310
1731092461450 0.0521855428814888 311
1731092461452 0.05172476917505264 312
1731092461454 0.05126683786511421 313
1731092461456 0.050811752676963806 314
1731092461458 0.05035952851176262 315
1731092461460 0.04991015046834946 316
1731092461462 0.04946364089846611 317
1731092461464 0.049019984900951385 318
1731092461466 0.04857918247580528 319
1731092461468 0.04814126342535019 320
1731092461470 0.04770618677139282 321
1731092461472 0.04727397859096527 322
1731092461474 0.04684462025761604 323
1731092461476 0.04641813412308693 324
1731092461478 0.045994505286216736 325
1731092461480 0.045573748648166656 326
1731092461482 0.045155830681324005 327
1731092461484 0.044740788638591766 328
1731092461487 0.04432860389351845 329
1731092461489 0.04391927272081375 330
1731092461491 0.043512798845767975 331
1731092461493 0.04310917109251022 332
1731092461494 0.04270840063691139 333
1731092461496 0.04231046512722969 334
1731092461499 0.04191537946462631 335
1731092461500 0.041523125022649765 336
1731092461503 0.04113372042775154 337
1731092461505 0.040747132152318954 338
1731092461506 0.0403633788228035 339
1731092461508 0.039982449263334274 340
1731092461510 0.03960432484745979 341
1731092461512 0.039229027926921844 342
1731092461514 0.03885653614997864 343
1731092461517 0.03848684951663017 344
1731092461518 0.03811996057629585 345
1731092461520 0.037755854427814484 346
1731092461522 0.037394531071186066 347
1731092461524 0.0370359905064106 348
1731092461527 0.036680229008197784 349
1731092461529 0.03632722795009613 350
1731092461532 0.03597698360681534 351
1731092461534 0.035629499703645706 352
1731092461537 0.035284750163555145 353
1731092461539 0.03494274616241455 354
1731092461542 0.03460346534848213 355
1731092461545 0.03426691144704819 356
1731092461547 0.03393306955695152 357
1731092461549 0.03360192850232124 358
1731092461552 0.03327347710728645 359
1731092461555 0.032947711646556854 360
1731092461557 0.03262462466955185 361
1731092461560 0.03230420872569084 362
1731092461563 0.03198644146323204 363
1731092461565 0.031671322882175446 364
1731092461568 0.03135884553194046 365
1731092461571 0.031049015000462532 366
1731092461573 0.030741780996322632 367
1731092461576 0.030437160283327103 368
1731092461579 0.0301351435482502 369
1731092461582 0.029835719615221024 370
1731092461584 0.029538851231336594 371
1731092461587 0.029244575649499893 372
1731092461589 0.028952835127711296 373
1731092461592 0.028663644567131996 374
1731092461594 0.028376983478665352 375
1731092461597 0.028092848137021065 376
1731092461600 0.027811212465167046 377
1731092461603 0.02753208577632904 378
1731092461605 0.027255428954958916 379
1731092461608 0.026981253176927567 380
1731092461611 0.026709547266364098 381
1731092461613 0.026440266519784927 382
1731092461616 0.02617344819009304 383
1731092461619 0.02590904012322426 384
1731092461621 0.025647049769759178 385
1731092461624 0.025387445464730263 386
1731092461627 0.025130225345492363 387
1731092461630 0.024875393137335777 388
1731092461633 0.024622905999422073 389
1731092461635 0.024372776970267296 390
1731092461637 0.02412496693432331 391
1731092461639 0.02387950010597706 392
1731092461641 0.02363632619380951 393
1731092461644 0.02339545264840126 394
1731092461646 0.023156847804784775 395
1731092461649 0.02292051911354065 396
1731092461651 0.022686434909701347 397
1731092461653 0.02245459519326687 398
1731092461655 0.022224966436624527 399
1731092461657 0.021997567266225815 400
1731092461659 0.0217723548412323 401
1731092461661 0.021549327298998833 402
1731092461663 0.02132847160100937 403
1731092461665 0.021109767258167267 404
1731092461667 0.020893197506666183 405
1731092461669 0.02067876048386097 406
1731092461671 0.020466435700654984 407
1731092461673 0.020256193354725838 408
1731092461675 0.020048050209879875 409
1731092461677 0.019841965287923813 410
1731092461679 0.019637947902083397 411
1731092461681 0.019435958936810493 412
1731092461684 0.01923600398004055 413
1731092461686 0.019038060680031776 414
1731092461688 0.01884210668504238 415
1731092461691 0.018648138269782066 416
1731092461694 0.018456147983670235 417
1731092461696 0.01826610043644905 418
1731092461699 0.018077991902828217 419
1731092461701 0.017891814932227135 420
1731092461703 0.01770753599703312 421
1731092461706 0.017525166273117065 422
1731092461708 0.017344672232866287 423
1731092461710 0.01716604270040989 424
1731092461712 0.016989266499876976 425
1731092461714 0.016814323142170906 426
1731092461716 0.01664120703935623 427
1731092461718 0.016469905152916908 428
1731092461720 0.016300389543175697 429
1731092461722 0.01613265462219715 430
1731092461724 0.015966685488820076 431
1731092461726 0.01580246165394783 432
1731092461728 0.015639984980225563 433
1731092461731 0.015479215420782566 434
1731092461734 0.015320153906941414 435
1731092461736 0.015162796713411808 436
1731092461738 0.015007124282419682 437
1731092461741 0.014853107742965221 438
1731092461744 0.014700740575790405 439
1731092461746 0.014550014398992062 440
1731092461749 0.01440090499818325 441
1731092461751 0.014253408648073673 442
1731092461754 0.014107500202953815 443
1731092461757 0.013963182456791401 444
1731092461759 0.013820420950651169 445
1731092461762 0.013679216615855694 446
1731092461764 0.013539540581405163 447
1731092461767 0.013401401229202747 448
1731092461769 0.01326476875692606 449
1731092461772 0.013129635713994503 450
1731092461774 0.012995987199246883 451
1731092461778 0.012863804586231709 452
1731092461780 0.01273308601230383 453
1731092461782 0.01260379608720541 454
1731092461785 0.012475940398871899 455
1731092461787 0.0123495077714324 456
1731092461790 0.01222447119653225 457
1731092461793 0.012100816704332829 458
1731092461796 0.01197855081409216 459
1731092461798 0.011857644654810429 460
1731092461801 0.011738087981939316 461
1731092461803 0.011619866825640202 462
1731092461806 0.011502964422106743 463
1731092461808 0.01138737890869379 464
1731092461811 0.011273091658949852 465
1731092461814 0.011160098016262054 466
1731092461816 0.011048365384340286 467
1731092461819 0.010937895625829697 468
1731092461821 0.010828676633536816 469
1731092461824 0.010720690712332726 470
1731092461826 0.010613919235765934 471
1731092461829 0.010508364997804165 472
1731092461832 0.0104040103033185 473
1731092461834 0.010300841182470322 474
1731092461836 0.010198847390711308 475
1731092461838 0.010098018683493137 476
1731092461840 0.009998330846428871 477
1731092461842 0.009899791330099106 478
1731092461845 0.009802368469536304 479
1731092461847 0.009706073440611362 480
1731092461849 0.009610870853066444 481
1731092461851 0.009516759775578976 482
1731092461853 0.009423733688890934 483
1731092461855 0.009331776760518551 484
1731092461857 0.009240873157978058 485
1731092461859 0.009151019155979156 486
1731092461861 0.009062198922038078 487
1731092461863 0.008974408730864525 488
1731092461865 0.008887622505426407 489
1731092461867 0.008801845833659172 490
1731092461869 0.00871705450117588 491
1731092461871 0.00863325223326683 492
1731092461873 0.008550411090254784 493
1731092461875 0.008468534797430038 494
1731092461877 0.008387609384953976 495
1731092461879 0.008307618089020252 496
1731092461881 0.008228553459048271 497
1731092461883 0.008150414563715458 498
1731092461885 0.008073179982602596 499
1731092461887 0.007996845059096813 500
1731092461889 0.007921390235424042 501
1731092461891 0.00784682109951973 502
1731092461893 0.007773121353238821 503
1731092461895 0.007700273301452398 504
1731092461897 0.0076282816007733345 505
1731092461899 0.007557124365121126 506
1731092461901 0.0074867974035441875 507
1731092461903 0.0074172900058329105 508
1731092461905 0.007348597049713135 509
1731092461907 0.007280698511749506 510
1731092461909 0.007213604170829058 511
1731092461911 0.007147287949919701 512
1731092461913 0.0070817419327795506 513
1731092461915 0.00701696565374732 514
1731092461917 0.0069529470056295395 515
1731092461919 0.006889682728797197 516
1731092461922 0.00682714581489563 517
1731092461924 0.0067653474397957325 518
1731092461926 0.006704265251755714 519
1731092461928 0.0066439080983400345 520
1731092461931 0.006584245711565018 521
1731092461932 0.0065252892673015594 522
1731092461935 0.006467014085501432 523
1731092461937 0.006409425288438797 524
1731092461940 0.006352510768920183 525
1731092461942 0.006296256091445684 526
1731092461945 0.006240664515644312 527
1731092461948 0.006185716483741999 528
1731092461950 0.006131417118012905 529
1731092461953 0.006077742204070091 530
1731092461955 0.0060247015208005905 531
1731092461958 0.005972277373075485 532
1731092461961 0.00592046556994319 533
1731092461964 0.005869255866855383 534
1731092461966 0.005818646401166916 535
1731092461969 0.005768624134361744 536
1731092461971 0.0057191867381334305 537
1731092461974 0.005670325830578804 538
1731092461977 0.0056220307014882565 539
1731092461980 0.005574298091232777 540
1731092461984 0.005527118686586618 541
1731092461988 0.005480487830936909 542
1731092461990 0.005434403195977211 543
1731092461993 0.005388852674514055 544
1731092461996 0.005343826953321695 545
1731092461999 0.005299327429383993 546
1731092462002 0.005255341064184904 547
1731092462005 0.005211859475821257 548
1731092462007 0.005168885458260775 549
1731092462010 0.005126410163938999 550
1731092462013 0.005084423813968897 551
1731092462015 0.005042918957769871 552
1731092462018 0.00500189233571291 553
1731092462021 0.004961343482136726 554
1731092462023 0.004921256564557552 555
1731092462026 0.004881632048636675 556
1731092462029 0.004842465277761221 557
1731092462031 0.004803746473044157 558
1731092462034 0.004765471909195185 559
1731092462037 0.00472763366997242 560
1731092462040 0.004690231755375862 561
1731092462042 0.004653255455195904 562
1731092462044 0.004616703372448683 563
1731092462046 0.004580562002956867 564
1731092462048 0.004544837400317192 565
1731092462050 0.004509516526013613 566
1731092462052 0.004474597051739693 567
1731092462054 0.004440076183527708 568
1731092462056 0.004405949264764786 569
1731092462058 0.004372203256934881 570
1731092462060 0.004338841885328293 571
1731092462062 0.004305854439735413 572
1731092462064 0.0042732409201562405 573
1731092462066 0.004240992944687605 574
1731092462068 0.004209107253700495 575
1731092462070 0.004177583381533623 576
1731092462072 0.004146412014961243 577
1731092462074 0.004115588031709194 578
1731092462076 0.004085108637809753 579
1731092462078 0.004054967779666185 580
1731092462080 0.0040251645259559155 581
1731092462082 0.003995692823082209 582
1731092462084 0.003966549411416054 583
1731092462086 0.003937725443392992 584
1731092462088 0.003909224644303322 585
1731092462090 0.0038810372352600098 586
1731092462092 0.0038531608879566193 587
1731092462094 0.0038255886174738407 588
1731092462096 0.003798319958150387 589
1731092462099 0.003771352581679821 590
1731092462101 0.003744679968804121 591
1731092462103 0.0037182995583862066 592
1731092462105 0.0036922041326761246 593
1731092462107 0.003666393691673875 594
1731092462109 0.00364086520858109 595
1731092462111 0.0036156114656478167 596
1731092462113 0.003590632462874055 597
1731092462115 0.0035659230779856443 598
1731092462117 0.0035414784215390682 599
1731092462119 0.003517299657687545 600
1731092462121 0.003493379568681121 601
1731092462123 0.003469715127721429 602
1731092462126 0.0034463040065020323 603
1731092462127 0.0034231413155794144 604
1731092462130 0.0034002249594777822 605
1731092462132 0.0033775523770600557 606
1731092462133 0.00335512263700366 607
1731092462135 0.003332927357405424 608
1731092462137 0.0033109651412814856 609
1731092462140 0.0032892385497689247 610
1731092462142 0.003267731284722686 611
1731092462144 0.0032464545220136642 612
1731092462146 0.003225399646908045 613
1731092462148 0.0032045654952526093 614
1731092462151 0.0031839446164667606 615
1731092462153 0.0031635393388569355 616
1731092462155 0.0031433426775038242 617
1731092462158 0.0031233592890203 618
1731092462160 0.0031035745050758123 619
1731092462163 0.0030839976388961077 620
1731092462165 0.0030646193772554398 621
1731092462168 0.0030454378575086594 622
1731092462170 0.003026455407962203 623
1731092462173 0.0030076620168983936 624
1731092462175 0.002989058382809162 625
1731092462178 0.002970644738525152 626
1731092462180 0.0029524145647883415 627
1731092462183 0.00293436786159873 628
1731092462185 0.0029165023006498814 629
1731092462188 0.0028988157864660025 630
1731092462191 0.002881305757910013 631
1731092462193 0.0028639654628932476 632
1731092462196 0.0028468016535043716 633
1731092462199 0.00282980315387249 634
1731092462201 0.002812972292304039 635
1731092462204 0.0027963100001215935 636
1731092462207 0.002779805101454258 637
1731092462209 0.002763465279713273 638
1731092462212 0.0027472800575196743 639
1731092462214 0.0027312571182847023 640
1731092462217 0.002715385053306818 641
1731092462220 0.002699665492400527 642
1731092462222 0.0026840984355658293 643
1731092462224 0.0026686766650527716 644
1731092462227 0.002653408097103238 645
1731092462230 0.0026382787618786097 646
1731092462233 0.002623296342790127 647
1731092462235 0.002608455251902342 648
1731092462238 0.00259375455789268 649
1731092462240 0.002579186810180545 650
1731092462243 0.0025647622533142567 651
1731092462245 0.002550466451793909 652
1731092462248 0.0025363049935549498 653
1731092462251 0.0025222746189683676 654
1731092462253 0.002508373698219657 655
1731092462255 0.0024946003686636686 656
1731092462257 0.002480954397469759 657
1731092462259 0.0024674294982105494 658
1731092462261 0.002454031491652131 659
1731092462263 0.002440754324197769 660
1731092462266 0.0024275952018797398 661
1731092462268 0.00241455459035933 662
1731092462270 0.0024016336537897587 663
1731092462272 0.0023888221476227045 664
1731092462274 0.0023761307820677757 665
1731092462276 0.0023635495454072952 666
1731092462278 0.00235107634216547 667
1731092462280 0.002338720252737403 668
1731092462282 0.0023264652118086815 669
1731092462284 0.002314321929588914 670
1731092462286 0.0023022836539894342 671
1731092462288 0.0022903503850102425 672
1731092462290 0.002278517931699753 673
1731092462292 0.002266790485009551 674
1731092462294 0.0022551610600203276 675
1731092462296 0.002243631985038519 676
1731092462298 0.0022322016302496195 677
1731092462300 0.0022208676673471928 678
1731092462302 0.002209628000855446 679
1731092462304 0.002198483794927597 680
1731092462306 0.0021874322555959225 681
1731092462308 0.0021764752455055714 682
1731092462310 0.002165607176721096 683
1731092462312 0.0021548299118876457 684
1731092462314 0.002144139725714922 685
1731092462316 0.0021335415076464415 686
1731092462318 0.0021230285055935383 687
1731092462320 0.0021126014180481434 688
1731092462322 0.0021022572182118893 689
1731092462324 0.0020919987000524998 690
1731092462325 0.00208182237111032 691
1731092462327 0.0020717266015708447 692
1731092462329 0.0020617127884179354 693
1731092462331 0.002051779069006443 694
1731092462333 0.0020419228821992874 695
1731092462335 0.002032144460827112 696
1731092462338 0.002022442640736699 697
1731092462340 0.0020128178875893354 698
1731092462342 0.0020032667089253664 699
1731092462344 0.001993792597204447 700
1731092462346 0.001984391128644347 701
1731092462348 0.0019750623032450676 702
1731092462350 0.001965801464393735 703
1731092462352 0.001956616761162877 704
1731092462355 0.0019474964356049895 705
1731092462358 0.0019384481711313128 706
1731092462360 0.001929469988681376 707
1731092462363 0.0019205540884286165 708
1731092462365 0.001911710947751999 709
1731092462367 0.0019029320683330297 710
1731092462370 0.0018942146562039852 711
1731092462373 0.001885567675344646 712
1731092462375 0.001876980997622013 713
1731092462378 0.0018684550886973739 714
1731092462381 0.0018599930917844176 715
1731092462383 0.0018515947740525007 716
1731092462386 0.001843254896812141 717
1731092462389 0.0018349786987528205 718
1731092462391 0.0018267595442011952 719
1731092462394 0.0018185978988185525 720
1731092462397 0.0018104970222339034 721
1731092462399 0.0018024493474513292 722
1731092462402 0.001794461626559496 723
1731092462405 0.0017865293193608522 724
1731092462407 0.001778653939254582 725
1731092462410 0.001770832808688283 726
1731092462413 0.001763064763508737 727
1731092462415 0.001755353412590921 728
1731092462418 0.0017476940993219614 729
1731092462420 0.0017400872893631458 730
1731092462423 0.001732531818561256 731
1731092462426 0.0017250271048396826 732
1731092462429 0.001717573031783104 733
1731092462432 0.0017101721605286002 734
1731092462435 0.0017028172733262181 735
1731092462437 0.001695514190942049 736
1731092462440 0.0016882591880857944 737
1731092462443 0.0016810509841889143 738
1731092462446 0.0016738914418965578 739
1731092462448 0.001666777185164392 740
1731092462451 0.0016597120556980371 741
1731092462454 0.0016526930266991258 742
1731092462456 0.001645718701183796 743
1731092462459 0.001638789544813335 744
1731092462461 0.0016319055575877428 745
1731092462463 0.0016250647604465485 746
1731092462465 0.0016182659892365336 747
1731092462468 0.0016115179751068354 748
1731092462470 0.0016048038378357887 749
1731092462472 0.0015981337055563927 750
1731092462474 0.0015915100229904056 751
1731092462476 0.0015849247574806213 752
1731092462478 0.0015783815179020166 753
1731092462480 0.001571878558024764 754
1731092462482 0.0015654168091714382 755
1731092462484 0.0015589940594509244 756
1731092462486 0.00155261077452451 757
1731092462488 0.0015462629962712526 758
1731092462490 0.0015399579424411058 759
1731092462492 0.0015336908400058746 760
1731092462494 0.0015274592442438006 761
1731092462496 0.0015212645521387458 762
1731092462498 0.001515109557658434 763
1731092462500 0.001508990302681923 764
1731092462502 0.0015029096975922585 765
1731092462504 0.00149686133954674 766
1731092462506 0.0014908495359122753 767
1731092462508 0.0014848759165033698 768
1731092462510 0.001478935475461185 769
1731092462511 0.00147302879486233 770
1731092462514 0.001467157737351954 771
1731092462515 0.0014613165985792875 772
1731092462517 0.0014555123634636402 773
1731092462519 0.0014497424708679318 774
1731092462522 0.0014440029626712203 775
1731092462524 0.001438297564163804 776
1731092462526 0.001432625693269074 777
1731092462528 0.0014269824605435133 778
1731092462530 0.0014213721733540297 779
1731092462532 0.0014157958794385195 780
1731092462533 0.001410247990861535 781
1731092462535 0.0014047309523448348 782
1731092462537 0.0013992463937029243 783
1731092462539 0.0013937921030446887 784
1731092462542 0.0013883672654628754 785
1731092462544 0.0013829695526510477 786
1731092462546 0.0013776024570688605 787
1731092462548 0.0013722660951316357 788
1731092462550 0.0013669581385329366 789
1731092462552 0.0013616785872727633 790
1731092462554 0.0013564262771978974 791
1731092462556 0.0013512028381228447 792
1731092462558 0.0013460083864629269 793
1731092462561 0.0013408409431576729 794
1731092462564 0.0013357001589611173 795
1731092462566 0.001330586732365191 796
1731092462569 0.0013255004305392504 797
1731092462571 0.001320441486313939 798
1731092462574 0.0013154088519513607 799
1731092462576 0.0013104027602821589 800
1731092462579 0.0013054225128144026 801
1731092462582 0.0013004663633182645 802
1731092462584 0.0012955390848219395 803
1731092462587 0.0012906340416520834 804
1731092462589 0.0012857532128691673 805
1731092462592 0.0012809013715013862 806
1731092462595 0.0012760714162141085 807
1731092462597 0.0012712650932371616 808
1731092462600 0.001266482868231833 809
1731092462603 0.0012617266038432717 810
1731092462605 0.0012569938553497195 811
1731092462608 0.0012522845063358545 812
1731092462611 0.0012475973926484585 813
1731092462614 0.0012429360067471862 814
1731092462616 0.0012382973218336701 815
1731092462619 0.0012336816871538758 816
1731092462622 0.0012290856102481484 817
1731092462624 0.0012245147954672575 818
1731092462627 0.0012199683114886284 819
1731092462630 0.001215438125655055 820
1731092462632 0.0012109339004382491 821
1731092462635 0.0012064517941325903 822
1731092462637 0.0012019900605082512 823
1731092462640 0.0011975495144724846 824
1731092462643 0.0011931330664083362 825
1731092462645 0.0011887364089488983 826
1731092462648 0.001184356864541769 827
1731092462650 0.001180003979243338 828
1731092462653 0.001175669371150434 829
1731092462655 0.0011713547864928842 830
1731092462658 0.0011670615058392286 831
1731092462661 0.0011627866188064218 832
1731092462663 0.0011585326865315437 833
1731092462665 0.0011542979627847672 834
1731092462667 0.0011500841937959194 835
1731092462669 0.0011458892840892076 836
1731092462671 0.0011417149798944592 837
1731092462673 0.0011375596513971686 838
1731092462675 0.0011334223672747612 839
1731092462677 0.0011293045245110989 840
1731092462679 0.0011252047261223197 841
1731092462681 0.0011211253004148602 842
1731092462683 0.0011170634534209967 843
1731092462685 0.0011130189523100853 844
1731092462687 0.0011089941253885627 845
1731092462689 0.001104986178688705 846
1731092462691 0.0011009967420250177 847
1731092462693 0.001097027212381363 848
1731092462697 0.0010930736316367984 849
1731092462699 0.0010891383280977607 850
1731092462701 0.0010852201376110315 851
1731092462703 0.0010813195258378983 852
1731092462705 0.0010774360271170735 853
1731092462707 0.0010735723190009594 854
1731092462709 0.0010697233956307173 855
1731092462711 0.0010658926330506802 856
1731092462713 0.0010620765388011932 857
1731092462715 0.001058278139680624 858
1731092462717 0.0010544953402131796 859
1731092462719 0.0010507316328585148 860
1731092462721 0.0010469832923263311 861
1731092462723 0.0010432512499392033 862
1731092462725 0.0010395337594673038 863
1731092462727 0.0010358324507251382 864
1731092462729 0.001032147090882063 865
1731092462731 0.0010284779127687216 866
1731092462733 0.0010248268954455853 867
1731092462735 0.001021188567392528 868
1731092462737 0.0010175672359764576 869
1731092462739 0.0010139599908143282 870
1731092462741 0.001010370091535151 871
1731092462743 0.0010067943949252367 872
1731092462745 0.0010032332502305508 873
1731092462747 0.0009996877051889896 874
1731092462749 0.0009961591567844152 875
1731092462751 0.0009926436468958855 876
1731092462753 0.0009891408262774348 877
1731092462755 0.00098565430380404 878
1731092462757 0.0009821850107982755 879
1731092462759 0.0009787280578166246 880
1731092462761 0.0009752832120284438 881
1731092462763 0.0009718543733470142 882
1731092462766 0.0009684421238489449 883
1731092462768 0.000965040409937501 884
1731092462770 0.0009616558672860265 885
1731092462774 0.0009582823840901256 886
1731092462777 0.0009549231035634875 887
1731092462780 0.0009515793644823134 888
1731092462782 0.0009482486639171839 889
1731092462785 0.0009449293720535934 890
1731092462787 0.0009416253888048232 891
1731092462789 0.0009383352007716894 892
1731092462792 0.0009350595064461231 893
1731092462795 0.0009317965595982969 894
1731092462797 0.0009285464184358716 895
1731092462800 0.0009253067546524107 896
1731092462802 0.0009220837382599711 897
1731092462805 0.0009188732365146279 898
1731092462807 0.0009156744927167892 899
1731092462810 0.0009124878561124206 900
1731092462813 0.0009093154221773148 901
1731092462816 0.0009061559103429317 902
1731092462818 0.0009030090877786279 903
1731092462821 0.0008998739067465067 904
1731092462823 0.0008967530447989702 905
1731092462826 0.0008936417871154845 906
1731092462829 0.000890542462002486 907
1731092462831 0.0008874575141817331 908
1731092462834 0.0008843870600685477 909
1731092462837 0.0008813246386125684 910
1731092462839 0.0008782766526564956 911
1731092462842 0.000875238562002778 912
1731092462845 0.0008722158381715417 913
1731092462847 0.0008692014962434769 914
1731092462850 0.0008662005420774221 915
1731092462853 0.000863212684635073 916
1731092462855 0.0008602329762652516 917
1731092462858 0.0008572656661272049 918
1731092462861 0.0008543134317733347 919
1731092462863 0.0008513702778145671 920
1731092462866 0.0008484371937811375 921
1731092462869 0.0008455170318484306 922
1731092462871 0.0008426083950325847 923
1731092462873 0.0008397108176723123 924
1731092462875 0.0008368237176910043 925
1731092462877 0.0008339484920725226 926
1731092462879 0.0008310848497785628 927
1731092462881 0.000828231277409941 928
1731092462883 0.0008253892883658409 929
1731092462885 0.0008225577184930444 930
1731092462888 0.0008197387214750051 931
1731092462889 0.0008169294451363385 932
1731092462892 0.0008141284342855215 933
1731092462894 0.0008113399380818009 934
1731092462897 0.0008085633162409067 935
1731092462899 0.0008057960076257586 936
1731092462901 0.0008030387107282877 937
1731092462904 0.0008002936956472695 938
1731092462906 0.0007975580519996583 939
1731092462909 0.0007948330603539944 940
1731092462911 0.0007921181386336684 941
1731092462913 0.0007894127629697323 942
1731092462915 0.0007867201929911971 943
1731092462917 0.0007840348407626152 944
1731092462919 0.0007813582196831703 945
1731092462921 0.0007786948699504137 946
1731092462923 0.0007760408334434032 947
1731092462925 0.0007733961101621389 948
1731092462927 0.0007707618642598391 949
1731092462929 0.0007681376300752163 950
1731092462931 0.0007655235822312534 951
1731092462933 0.0007629198953509331 952
1731092462935 0.0007603233680129051 953
1731092462937 0.0007577381329610944 954
1731092462939 0.0007551612798124552 955
1731092462941 0.0007525975815951824 956
1731092462943 0.0007500386564061046 957
1731092462945 0.0007474935846403241 958
1731092462947 0.0007449542754329741 959
1731092462949 0.0007424256764352322 960
1731092462951 0.0007399072637781501 961
1731092462953 0.0007373972330242395 962
1731092462955 0.0007348984363488853 963
1731092462957 0.0007324076723307371 964
1731092462959 0.0007299251155927777 965
1731092462962 0.00072745222132653 966
1731092462964 0.0007249880582094193 967
1731092462966 0.000722532335203141 968
1731092462968 0.0007200862164609134 969
1731092462971 0.0007176509825512767 970
1731092462973 0.0007152216276153922 971
1731092462976 0.0007128046127036214 972
1731092462978 0.000710394000634551 973
1731092462981 0.0007079937495291233 974
1731092462983 0.000705600599758327 975
1731092462986 0.0007032174034975469 976
1731092462988 0.000700841483194381 977
1731092462991 0.0006984763313084841 978
1731092462994 0.0006961178733035922 979
1731092462996 0.0006937682628631592 980
1731092462999 0.0006914286641404033 981
1731092463001 0.0006890955264680088 982
1731092463004 0.0006867724587209523 983
1731092463006 0.0006844559102319181 984
1731092463009 0.0006821492570452392 985
1731092463012 0.0006798519170843065 986
1731092463014 0.0006775624351575971 987
1731092463017 0.0006752802291885018 988
1731092463020 0.0006730044260621071 989
1731092463022 0.0006707398570142686 990
1731092463024 0.000668482156470418 991
1731092463027 0.0006662342930212617 992
1731092463029 0.0006639935891143978 993
1731092463032 0.0006617594044655561 994
1731092463035 0.000659534998703748 995
1731092463038 0.000657318567391485 996
1731092463040 0.0006551095866598189 997
1731092463043 0.0006529072998091578 998
1731092463045 0.0006507156067527831 999
