1731092442506 0.32504159212112427 0
1731092442510 0.3166571855545044 1
1731092442513 0.3089420199394226 2
1731092442515 0.30182769894599915 3
1731092442518 0.29525384306907654 4
1731092442520 0.2891666889190674 5
1731092442522 0.2835184931755066 6
1731092442524 0.27826666831970215 7
1731092442526 0.27337318658828735 8
1731092442531 0.26880407333374023 9
1731092442533 0.26452893018722534 10
1731092442535 0.26052039861679077 11
1731092442538 0.256754070520401 12
1731092442540 0.2532079517841339 13
1731092442542 0.24986210465431213 14
1731092442544 0.246698796749115 15
1731092442545 0.24370193481445312 16
1731092442547 0.24085691571235657 17
1731092442550 0.2381506860256195 18
1731092442552 0.23550261557102203 19
1731092442554 0.23261365294456482 20
1731092442556 0.22986048460006714 21
1731092442558 0.22723253071308136 22
1731092442560 0.22472020983695984 23
1731092442562 0.2223147749900818 24
1731092442567 0.22000809013843536 25
1731092442569 0.21779274940490723 26
1731092442571 0.21566195785999298 27
1731092442573 0.2136094719171524 28
1731092442575 0.21162955462932587 29
1731092442577 0.20971687138080597 30
1731092442579 0.2078666090965271 31
1731092442581 0.20607423782348633 32
1731092442583 0.20433564484119415 33
1731092442585 0.20264706015586853 34
1731092442587 0.20100495219230652 35
1731092442589 0.19940608739852905 36
1731092442591 0.19784745573997498 37
1731092442593 0.196326345205307 38
1731092442595 0.1948089301586151 39
1731092442597 0.19308830797672272 40
1731092442599 0.1914040744304657 41
1731092442600 0.1897541880607605 42
1731092442603 0.18813665211200714 43
1731092442605 0.18654966354370117 44
1731092442607 0.18499158322811127 45
1731092442609 0.1834607869386673 46
1731092442611 0.18195584416389465 47
1731092442620 0.1804753839969635 48
1731092442623 0.17901813983917236 49
1731092442626 0.17758293449878693 50
1731092442628 0.17616868019104004 51
1731092442631 0.17477434873580933 52
1731092442633 0.1733989715576172 53
1731092442635 0.172041654586792 54
1731092442637 0.17070162296295166 55
1731092442639 0.16937802731990814 56
1731092442641 0.16807018220424652 57
1731092442643 0.16677743196487427 58
1731092442645 0.16549910604953766 59
1731092442647 0.16423462331295013 60
1731092442649 0.16298344731330872 61
1731092442651 0.1617451012134552 62
1731092442653 0.16051903367042542 63
1731092442656 0.15930485725402832 64
1731092442658 0.1581021100282669 65
1731092442660 0.1569104641675949 66
1731092442662 0.1557294726371765 67
1731092442664 0.15455882251262665 68
1731092442666 0.15339824557304382 69
1731092442668 0.1522473692893982 70
1731092442670 0.15110595524311066 71
1731092442672 0.14997372031211853 72
1731092442674 0.1488504409790039 73
1731092442676 0.1477358639240265 74
1731092442679 0.14662978053092957 75
1731092442682 0.14553198218345642 76
1731092442685 0.14444229006767273 77
1731092442687 0.14336051046848297 78
1731092442690 0.1422865092754364 79
1731092442693 0.1412201076745987 80
1731092442696 0.14016114175319672 81
1731092442698 0.1391095072031021 82
1731092442701 0.13806502521038055 83
1731092442705 0.13702760636806488 84
1731092442707 0.13599714636802673 85
1731092442710 0.13497352600097656 86
1731092442712 0.13395662605762482 87
1731092442715 0.1331075131893158 88
1731092442718 0.13237451016902924 89
1731092442720 0.13164307177066803 90
1731092442723 0.13091319799423218 91
1731092442725 0.13018488883972168 92
1731092442728 0.12945815920829773 93
1731092442731 0.12873300909996033 94
1731092442733 0.12800948321819305 95
1731092442736 0.1272875815629959 96
1731092442738 0.1265673190355301 97
1731092442741 0.1258486956357956 98
1731092442743 0.125131756067276 99
1731092442746 0.12441647052764893 100
1731092442749 0.12370289117097855 101
1731092442751 0.12299101799726486 102
1731092442754 0.12228087335824966 103
1731092442756 0.12157247215509415 104
1731092442759 0.12086580693721771 105
1731092442762 0.12016090750694275 106
1731092442764 0.11945777386426926 107
1731092442767 0.11875642091035843 108
1731092442769 0.11805690079927444 109
1731092442772 0.11735918372869492 110
1731092442775 0.11666329950094223 111
1731092442778 0.11596927046775818 112
1731092442781 0.11527709662914276 113
1731092442784 0.11458677053451538 114
1731092442787 0.11389833688735962 115
1731092442789 0.11321184039115906 116
1731092442791 0.11252722144126892 117
1731092442793 0.11184455454349518 118
1731092442795 0.11116382479667664 119
1731092442797 0.11048505455255508 120
1731092442800 0.10980824381113052 121
1731092442802 0.10913338512182236 122
1731092442804 0.10846054553985596 123
1731092442806 0.10778973996639252 124
1731092442808 0.10712094604969025 125
1731092442810 0.10645417124032974 126
1731092442813 0.10578945279121399 127
1731092442815 0.10512678325176239 128
1731092442817 0.10446619242429733 129
1731092442819 0.10380767285823822 130
1731092442821 0.10315127670764923 131
1731092442823 0.10249698907136917 132
1731092442825 0.10184482485055923 133
1731092442827 0.10119476914405823 134
1731092442829 0.10054690390825272 135
1731092442831 0.09990116953849792 136
1731092442833 0.09925761818885803 137
1731092442835 0.09861624240875244 138
1731092442837 0.09797704964876175 139
1731092442839 0.09734006971120834 140
1731092442841 0.09670533239841461 141
1731092442843 0.09607282280921936 142
1731092442845 0.09544253349304199 143
1731092442847 0.09481452405452728 144
1731092442849 0.09418874233961105 145
1731092442851 0.09356527775526047 146
1731092442853 0.09294407069683075 147
1731092442855 0.09232515841722488 148
1731092442857 0.09170856326818466 149
1731092442860 0.09109428524971008 150
1731092442864 0.09048232436180115 151
1731092442867 0.08987268805503845 152
1731092442869 0.08926542848348618 153
1731092442872 0.08866051584482193 154
1731092442875 0.08805795013904572 155
1731092442877 0.08745778352022171 156
1731092442880 0.08685997873544693 157
1731092442882 0.08626458793878555 158
1731092442885 0.08567159622907639 159
1731092442887 0.08508102595806122 160
1731092442890 0.08449285477399826 161
1731092442893 0.0839071199297905 162
1731092442896 0.08332381397485733 163
1731092442898 0.08274295926094055 164
1731092442901 0.08216456323862076 165
1731092442903 0.08158861845731735 166
1731092442905 0.08101513981819153 167
1731092442908 0.08044413477182388 168
1731092442911 0.079875648021698 169
1731092442913 0.0793096050620079 170
1731092442916 0.07874608784914017 171
1731092442919 0.0781850516796112 172
1731092442921 0.0776265412569046 173
1731092442924 0.07707054167985916 174
1731092442927 0.07651707530021667 175
1731092442930 0.07596610486507416 176
1731092442932 0.07541771233081818 177
1731092442935 0.07487181574106216 178
1731092442937 0.0743284821510315 179
1731092442940 0.07378768920898438 180
1731092442942 0.07324947416782379 181
1731092442945 0.07271381467580795 182
1731092442948 0.07218070328235626 183
1731092442951 0.07165016233921051 184
1731092442954 0.07112220674753189 185
1731092442956 0.07064194232225418 186
1731092442958 0.07019740343093872 187
1731092442961 0.06975456327199936 188
1731092442964 0.06931344419717789 189
1731092442967 0.06887402385473251 190
1731092442970 0.06843633949756622 191
1731092442974 0.06800035387277603 192
1731092442978 0.06756611913442612 193
1731092442982 0.0671335980296135 194
1731092442984 0.06670281291007996 195
1731092442987 0.0662737712264061 196
1731092442989 0.06584647297859192 197
1731092442991 0.06542092561721802 198
1731092442993 0.0649971142411232 199
1731092442995 0.06457507610321045 200
1731092442997 0.06415478140115738 201
1731092442999 0.06373626738786697 202
1731092443001 0.06331950426101685 203
1731092443003 0.06290453672409058 204
1731092443005 0.06249132379889488 205
1731092443007 0.06207991763949394 206
1731092443009 0.061670273542404175 207
1731092443011 0.06126241385936737 208
1731092443013 0.06085636466741562 209
1731092443015 0.06045209988951683 210
1731092443017 0.060049641877412796 211
1731092443020 0.059648968279361725 212
1731092443022 0.05925010144710541 213
1731092443024 0.058853063732385635 214
1731092443026 0.05845782160758972 215
1731092443028 0.058064401149749756 216
1731092443029 0.057672787457704544 217
1731092443031 0.057283006608486176 218
1731092443033 0.056895047426223755 219
1731092443035 0.056508906185626984 220
1731092443038 0.05612459033727646 221
1731092443040 0.05574210360646248 222
1731092443042 0.05536147207021713 223
1731092443044 0.05498265475034714 224
1731092443046 0.05460566654801369 225
1731092443048 0.05423052981495857 226
1731092443050 0.053857218474149704 227
1731092443052 0.05348573997616768 228
1731092443054 0.053116101771593094 229
1731092443056 0.05274832993745804 230
1731092443058 0.05238237977027893 231
1731092443060 0.05201827362179756 232
1731092443062 0.05165601521730423 233
1731092443064 0.05129559710621834 234
1731092443066 0.050937019288539886 235
1731092443068 0.050580307841300964 236
1731092443070 0.05022542178630829 237
1731092443072 0.04987238720059395 238
1731092443074 0.04952119663357735 239
1731092443076 0.04917185753583908 240
1731092443078 0.04882435128092766 241
1731092443080 0.048478689044713974 242
1731092443082 0.048134882003068924 243
1731092443084 0.04779289662837982 244
1731092443086 0.04745277017354965 245
1731092443089 0.047114480286836624 246
1731092443091 0.046778030693531036 247
1731092443093 0.046443406492471695 248
1731092443096 0.04611063748598099 249
1731092443099 0.04577970132231712 250
1731092443101 0.04545058682560921 251
1731092443104 0.045123305171728134 252
1731092443107 0.044797856360673904 253
1731092443126 0.04447423294186592 254
1731092443132 0.04415244236588478 255
1731092443135 0.043832454830408096 256
1731092443137 0.043514300137758255 257
1731092443140 0.04319796711206436 258
1731092443143 0.04288344830274582 259
1731092443146 0.04257073253393173 260
1731092443148 0.04225984960794449 261
1731092443151 0.04195074364542961 262
1731092443153 0.041643448173999786 263
1731092443156 0.04133797064423561 264
1731092443158 0.0410342775285244 265
1731092443161 0.040732383728027344 266
1731092443164 0.04043227434158325 267
1731092443166 0.04013395309448242 268
1731092443169 0.039837419986724854 269
1731092443171 0.03954266011714935 270
1731092443174 0.039249684661626816 271
1731092443177 0.038958460092544556 272
1731092443179 0.03866901993751526 273
1731092443182 0.03838135674595833 274
1731092443184 0.03809542581439018 275
1731092443187 0.0378112718462944 276
1731092443190 0.037528857588768005 277
1731092443191 0.037248171865940094 278
1731092443194 0.03696925565600395 279
1731092443196 0.0366920605301857 280
1731092443198 0.036416612565517426 281
1731092443200 0.03614288941025734 282
1731092443202 0.03587086871266365 283
1731092443204 0.035600584000349045 284
1731092443206 0.03533200919628143 285
1731092443208 0.03506513312458992 286
1731092443211 0.034799955785274506 287
1731092443213 0.034536488354206085 288
1731092443215 0.034274693578481674 289
1731092443217 0.034014590084552765 290
1731092443219 0.03375617787241936 291
1731092443222 0.033499427139759064 292
1731092443224 0.03324437141418457 293
1731092443226 0.032990939915180206 294
1731092443228 0.03273919224739075 295
1731092443230 0.03248908370733261 296
1731092443232 0.0322406180202961 297
1731092443234 0.031993795186281204 298
1731092443236 0.031748607754707336 299
1731092443238 0.031505052000284195 300
1731092443240 0.03126310557126999 301
1731092443242 0.031022794544696808 302
1731092443244 0.030784081667661667 303
1731092443246 0.03054697997868061 304
1731092443248 0.030311455950140953 305
1731092443250 0.030077535659074783 306
1731092443251 0.02984519675374031 307
1731092443253 0.029614433646202087 308
1731092443255 0.029385238885879517 309
1731092443257 0.02915761061012745 310
1731092443259 0.02893153391778469 311
1731092443261 0.02870701067149639 312
1731092443263 0.028484031558036804 313
1731092443265 0.02826259657740593 314
1731092443267 0.028042670339345932 315
1731092443270 0.027824295684695244 316
1731092443272 0.027607427909970284 317
1731092443273 0.0273920688778162 318
1731092443275 0.027178216725587845 319
1731092443277 0.026965849101543427 320
1731092443280 0.026754969730973244 321
1731092443282 0.026545599102973938 322
1731092443284 0.026337675750255585 323
1731092443286 0.02613123320043087 324
1731092443287 0.025926245376467705 325
1731092443290 0.025722725316882133 326
1731092443293 0.025520633906126022 327
1731092443295 0.025319991633296013 328
1731092443298 0.025120774284005165 329
1731092443301 0.024922994896769524 330
1731092443303 0.0247266236692667 331
1731092443306 0.024531671777367592 332
1731092443308 0.02433811128139496 333
1731092443311 0.024145958945155144 334
1731092443313 0.023955190554261208 335
1731092443316 0.023765811696648598 336
1731092443319 0.023577801883220673 337
1731092443321 0.02339116670191288 338
1731092443324 0.02320588007569313 339
1731092443327 0.02302195318043232 340
1731092443330 0.022839369252324104 341
1731092443332 0.022658124566078186 342
1731092443335 0.022478213533759117 343
1731092443337 0.022299615666270256 344
1731092443340 0.022122342139482498 345
1731092443343 0.0219463799148798 346
1731092443345 0.021771717816591263 347
1731092443348 0.021598346531391144 348
1731092443350 0.02142626792192459 349
1731092443353 0.02125547267496586 350
1731092443356 0.021085936576128006 351
1731092443358 0.02091766521334648 352
1731092443361 0.020750662311911583 353
1731092443364 0.02058490179479122 354
1731092443366 0.020420394837856293 355
1731092443369 0.02025710977613926 356
1731092443371 0.020095055922865868 357
1731092443374 0.019934233278036118 358
1731092443377 0.01977461576461792 359
1731092443380 0.019616207107901573 360
1731092443384 0.01945900358259678 361
1731092443388 0.0193029772490263 362
1731092443393 0.01914813555777073 363
1731092443395 0.01899448223412037 364
1731092443398 0.01884199120104313 365
1731092443400 0.018690673634409904 366
1731092443403 0.01854049228131771 367
1731092443407 0.018391473218798637 368
1731092443410 0.018243595957756042 369
1731092443413 0.01809684745967388 370
1731092443415 0.017951231449842453 371
1731092443417 0.01780671812593937 372
1731092443419 0.01766333356499672 373
1731092443421 0.017521044239401817 374
1731092443424 0.017379866912961006 375
1731092443426 0.0172397680580616 376
1731092443428 0.017100753262639046 377
1731092443430 0.016962816938757896 378
1731092443432 0.016825946047902107 379
1731092443434 0.01669015735387802 380
1731092443436 0.01655539683997631 381
1731092443438 0.016421696171164513 382
1731092443440 0.01628904789686203 383
1731092443442 0.016157424077391624 384
1731092443445 0.016026832163333893 385
1731092443447 0.01589726097881794 386
1731092443449 0.015768693760037422 387
1731092443451 0.015641145408153534 388
1731092443453 0.015514589846134186 389
1731092443456 0.015389032661914825 390
1731092443458 0.015264463610947132 391
1731092443460 0.015140864998102188 392
1731092443462 0.01501825638115406 393
1731092443464 0.01489659771323204 394
1731092443467 0.014775911346077919 395
1731092443469 0.014656170271337032 396
1731092443471 0.014537382870912552 397
1731092443473 0.014419525861740112 398
1731092443475 0.014302614144980907 399
1731092443477 0.01418661791831255 400
1731092443480 0.014071550220251083 401
1731092443483 0.013957394286990166 402
1731092443485 0.01384414080530405 403
1731092443487 0.013731789775192738 404
1731092443490 0.013620340265333652 405
1731092443492 0.013509769923985004 406
1731092443495 0.013400085270404816 407
1731092443498 0.013291281647980213 408
1731092443500 0.013183344155550003 409
1731092443503 0.013076266273856163 410
1731092443506 0.012970047071576118 411
1731092443508 0.012864668853580952 412
1731092443511 0.01276014931499958 413
1731092443514 0.012656456790864468 414
1731092443516 0.012553608976304531 415
1731092443519 0.01245158538222313 416
1731092443522 0.012350371107459068 417
1731092443524 0.01224997267127037 418
1731092443527 0.01215039100497961 419
1731092443530 0.012051593512296677 420
1731092443532 0.011953605338931084 421
1731092443536 0.011856403201818466 422
1731092443539 0.011759980581700802 423
1731092443543 0.011664334684610367 424
1731092443547 0.011569472029805183 425
1731092443550 0.01147537399083376 426
1731092443553 0.011382034048438072 427
1731092443556 0.011289450339972973 428
1731092443559 0.011197615414857864 429
1731092443562 0.011106520891189575 430
1731092443564 0.011016171425580978 431
1731092443567 0.010926545597612858 432
1731092443570 0.010837657377123833 433
1731092443572 0.010749482549726963 434
1731092443575 0.010662022978067398 435
1731092443578 0.010575277730822563 436
1731092443581 0.010489240288734436 437
1731092443583 0.010403892025351524 438
1731092443586 0.010319249704480171 439
1731092443589 0.010235286317765713 440
1731092443591 0.010152013972401619 441
1731092443594 0.010069419629871845 442
1731092443597 0.009987495839595795 443
1731092443599 0.009906244464218616 444
1731092443601 0.009825648739933968 445
1731092443603 0.00974571518599987 446
1731092443605 0.009666433557868004 447
1731092443607 0.009587791748344898 448
1731092443610 0.00950979720801115 449
1731092443612 0.009432438760995865 450
1731092443614 0.009355724789202213 451
1731092443616 0.009279624558985233 452
1731092443619 0.00920415110886097 453
1731092443621 0.009129299782216549 454
1731092443623 0.00905504822731018 455
1731092443625 0.008981410413980484 456
1731092443627 0.008908386342227459 457
1731092443629 0.008835955522954464 458
1731092443631 0.008764106780290604 459
1731092443633 0.008692855946719646 460
1731092443635 0.008622191846370697 461
1731092443637 0.008552102372050285 462
1731092443639 0.00848259124904871 463
1731092443641 0.00841364823281765 464
1731092443643 0.008345277048647404 465
1731092443645 0.008277458138763905 466
1731092443647 0.008210200816392899 467
1731092443649 0.008143494836986065 468
1731092443651 0.00807733554393053 469
1731092443653 0.008011724799871445 470
1731092443655 0.007946646772325039 471
1731092443657 0.00788210704922676 472
1731092443659 0.007818094454705715 473
1731092443661 0.0077546145766973495 474
1731092443664 0.00769164739176631 475
1731092443666 0.0076292045414447784 476
1731092443668 0.007567274384200573 477
1731092443670 0.007505853660404682 478
1731092443672 0.007444940507411957 479
1731092443675 0.0073845284059643745 480
1731092443677 0.007324608042836189 481
1731092443679 0.007265182677656412 482
1731092443681 0.007206251844763756 483
1731092443683 0.007147801574319601 484
1731092443686 0.007089831400662661 485
1731092443688 0.007032346446067095 486
1731092443690 0.006975333206355572 487
1731092443692 0.006918779108673334 488
1731092443694 0.006862700451165438 489
1731092443696 0.006807080470025539 490
1731092443699 0.006751922890543938 491
1731092443701 0.006697218865156174 492
1731092443704 0.006642960011959076 493
1731092443707 0.00658915052190423 494
1731092443709 0.006535784341394901 495
1731092443712 0.006482863333076239 496
1731092443715 0.006430374924093485 497
1731092443718 0.006378320045769215 498
1731092443721 0.006326692178845406 499
1731092443723 0.006275488063693047 500
1731092443727 0.0062247044406831264 501
1731092443730 0.006174346432089806 502
1731092443732 0.006124401465058327 503
1731092443735 0.006074864417314529 504
1731092443738 0.006025741808116436 505
1731092443741 0.005977018270641565 506
1731092443744 0.0059286984615027905 507
1731092443747 0.005880775861442089 508
1731092443750 0.005833251867443323 509
1731092443753 0.0057861171662807465 510
1731092443755 0.005739367567002773 511
1731092443759 0.005693002603948116 512
1731092443762 0.005647027865052223 513
1731092443764 0.005601427052170038 514
1731092443767 0.005556201096624136 515
1731092443770 0.00551135279238224 516
1731092443773 0.005466864909976721 517
1731092443776 0.005422753281891346 518
1731092443779 0.005379003006964922 519
1731092443781 0.005335613619536161 520
1731092443784 0.0052925716154277325 521
1731092443787 0.005249896552413702 522
1731092443790 0.005207566078752279 523
1731092443793 0.005165587179362774 524
1731092443812 0.005123954266309738 525
1731092443818 0.005082664545625448 526
1731092443821 0.005041714757680893 527
1731092443824 0.005001102574169636 528
1731092443827 0.00496082566678524 529
1731092443829 0.004920875653624535 530
1731092443832 0.004881252069026232 531
1731092443834 0.00484196562319994 532
1731092443836 0.00480299536138773 533
1731092443838 0.004764344077557325 534
1731092443841 0.004726014100015163 535
1731092443843 0.004687998443841934 536
1731092443845 0.004650297574698925 537
1731092443848 0.004612903576344252 538
1731092443850 0.004575816448777914 539
1731092443852 0.004539037588983774 540
1731092443854 0.00450256047770381 541
1731092443857 0.004466384183615446 542
1731092443859 0.004430502653121948 543
1731092443861 0.004394915420562029 544
1731092443863 0.0043596187606453896 545
1731092443865 0.004324619192630053 546
1731092443868 0.0042899069376289845 547
1731092443871 0.004255469888448715 548
1731092443875 0.004221323411911726 549
1731092443877 0.00418745307251811 550
1731092443879 0.0041538625955581665 551
1731092443881 0.004120547790080309 552
1731092443883 0.0040875086560845375 553
1731092443885 0.00405473867431283 554
1731092443887 0.004022242035716772 555
1731092443889 0.003990005701780319 556
1731092443892 0.0039580343291163445 557
1731092443894 0.003926325123757124 558
1731092443896 0.0038948843721300364 559
1731092443899 0.003863695077598095 560
1731092443901 0.0038327607326209545 561
1731092443905 0.0038020727224648 562
1731092443908 0.003771646646782756 563
1731092443912 0.003741463180631399 564
1731092443915 0.003711533732712269 565
1731092443917 0.0036818513181060553 566
1731092443920 0.003652403363958001 567
1731092443923 0.003623200813308358 568
1731092443926 0.003594235284253955 569
1731092443929 0.0035655093379318714 570
1731092443932 0.00353701482526958 571
1731092443934 0.003508751280605793 572
1731092443937 0.003480722429230809 573
1731092443940 0.003452928038313985 574
1731092443942 0.003425353206694126 575
1731092443945 0.003398009343072772 576
1731092443948 0.0033708817791193724 577
1731092443951 0.003343984019011259 578
1731092443954 0.003317302791401744 579
1731092443957 0.0032908390276134014 580
1731092443959 0.003264593193307519 581
1731092443962 0.003238554112613201 582
1731092443965 0.003212733892723918 583
1731092443967 0.003187124850228429 584
1731092443970 0.0031617218628525734 585
1731092443973 0.0031365295872092247 586
1731092443976 0.0031115389429032803 587
1731092443978 0.003086747834458947 588
1731092443981 0.0030621688347309828 589
1731092443984 0.0030377856455743313 590
1731092443987 0.0030136036220937967 591
1731092443989 0.0029896185733377934 592
1731092443992 0.0029658223502337933 593
1731092443995 0.002942221239209175 594
1731092443998 0.0029188126791268587 595
1731092444001 0.0028955931775271893 596
1731092444003 0.002872566459700465 597
1731092444007 0.00284972763620317 598
1731092444009 0.002827078104019165 599
1731092444011 0.0028046048246324062 600
1731092444013 0.0027823145501315594 601
1731092444015 0.0027602137997746468 602
1731092444018 0.0027382865082472563 603
1731092444020 0.002716540591791272 604
1731092444022 0.002694964874535799 605
1731092444024 0.0026735682040452957 606
1731092444025 0.0026523435954004526 607
1731092444027 0.0026312898844480515 608
1731092444029 0.002610414521768689 609
1731092444031 0.002589700510725379 610
1731092444033 0.0025691548362374306 611
1731092444035 0.0025487816892564297 612
1731092444037 0.002528570359572768 613
1731092444039 0.002508526435121894 614
1731092444041 0.002488640835508704 615
1731092444043 0.002468918217346072 616
1731092444045 0.0024493562523275614 617
1731092444048 0.00242994399741292 618
1731092444049 0.0024106986820697784 619
1731092444051 0.0023916044738143682 620
1731092444053 0.0023726709187030792 621
1731092444055 0.002353880787268281 622
1731092444057 0.002335252007469535 623
1731092444059 0.0023167685139924288 624
1731092444061 0.0022984356619417667 625
1731092444063 0.0022802497260272503 626
1731092444065 0.0022622141987085342 627
1731092444067 0.0022443202324211597 628
1731092444069 0.0022265727166086435 629
1731092444071 0.0022089702542871237 630
1731092444073 0.002191502135246992 631
1731092444076 0.0021741818636655807 632
1731092444078 0.002157001756131649 633
1731092444080 0.0021399559918791056 634
1731092444082 0.0021230517886579037 635
1731092444084 0.002106280764564872 636
1731092444086 0.002089648973196745 637
1731092444088 0.0020731508266180754 638
1731092444090 0.0020567835308611393 639
1731092444092 0.002040548250079155 640
1731092444094 0.0020244449842721224 641
1731092444096 0.0020084711723029613 642
1731092444098 0.001992626814171672 643
1731092444100 0.001976907253265381 644
1731092444102 0.0019613110926002264 645
1731092444104 0.0019458436872810125 646
1731092444106 0.00193050189409405 647
1731092444109 0.0019152819877490401 648
1731092444112 0.0019001900218427181 649
1731092444114 0.0018852143548429012 650
1731092444117 0.0018703577807173133 651
1731092444120 0.0018556200666353106 652
1731092444122 0.0018410043558105826 653
1731092444125 0.0018265058752149343 654
1731092444127 0.0018121240427717566 655
1731092444130 0.0017978539690375328 656
1731092444133 0.0017836997285485268 657
1731092444136 0.0017696617869660258 658
1731092444138 0.001755734789185226 659
1731092444141 0.001741912798024714 660
1731092444144 0.0017282089684158564 661
1731092444147 0.0017146134050562978 662
1731092444149 0.0017011278541758657 663
1731092444152 0.001687747542746365 664
1731092444155 0.0016744791064411402 665
1731092444158 0.0016613128827884793 666
1731092444161 0.0016482541104778647 667
1731092444163 0.0016353016253560781 668
1731092444165 0.0016224473947659135 669
1731092444168 0.0016096989857032895 670
1731092444171 0.001597052556462586 671
1731092444174 0.00158450857270509 672
1731092444177 0.0015720633091405034 673
1731092444179 0.0015597192104905844 674
1731092444182 0.0015474698739126325 675
1731092444185 0.0015353162307292223 676
1731092444187 0.001523268991149962 677
1731092444190 0.0015113140689209104 678
1731092444193 0.0014994523953646421 679
1731092444196 0.0014876871136948466 680
1731092444199 0.0014760184567421675 681
1731092444202 0.0014644355978816748 682
1731092444205 0.0014529481995850801 683
1731092444207 0.0014415554469451308 684
1731092444210 0.0014302541967481375 685
1731092444213 0.0014190347865223885 686
1731092444215 0.0014079137472435832 687
1731092444217 0.0013968768762424588 688
1731092444220 0.001385928364470601 689
1731092444222 0.001375067513436079 690
1731092444224 0.0013642951380461454 691
1731092444226 0.0013536050682887435 692
1731092444228 0.0013430025428533554 693
1731092444230 0.0013324826722964644 694
1731092444232 0.0013220496475696564 695
1731092444234 0.0013116977643221617 696
1731092444237 0.0013014255091547966 697
1731092444239 0.0012912406818941236 698
1731092444241 0.001281131524592638 699
1731092444243 0.0012711061863228679 700
1731092444246 0.0012611586134880781 701
1731092444248 0.0012512909015640616 702
1731092444250 0.0012415008386597037 703
1731092444252 0.0012317891232669353 704
1731092444254 0.0012221570359542966 705
1731092444256 0.0012125970097258687 706
1731092444258 0.0012031145161017776 707
1731092444260 0.0011937074596062303 708
1731092444262 0.0011843756074085832 709
1731092444264 0.0011751141864806414 710
1731092444267 0.001165931229479611 711
1731092444269 0.0011568197514861822 712
1731092444271 0.0011477797525003552 713
1731092444273 0.00113881123252213 714
1731092444275 0.0011299161706119776 715
1731092444277 0.001121089793741703 716
1731092444279 0.0011123319854959846 717
1731092444281 0.001103644841350615 718
1731092444283 0.0010950245195999742 719
1731092444285 0.0010864764917641878 720
1731092444287 0.00107799400575459 721
1731092444290 0.0010695770615711808 722
1731092444291 0.0010612276382744312 723
1731092444293 0.0010529462015256286 724
1731092444295 0.0010447307722643018 725
1731092444298 0.0010365782072767615 726
1731092444300 0.0010284881573170424 727
1731092444302 0.0010204676073044538 728
1731092444304 0.0010125029366463423 729
1731092444306 0.0010046069510281086 730
1731092444308 0.0009967709193006158 731
1731092444310 0.000988999381661415 732
1731092444312 0.0009812869830057025 733
1731092444314 0.000973635702393949 734
1731092444317 0.0009660454234108329 735
1731092444319 0.0009585147490724921 736
1731092444322 0.0009510453674010932 737
1731092444324 0.0009436342515982687 738
1731092444327 0.0009362793061882257 739
1731092444329 0.0009289834415540099 740
1731092444332 0.0009217455517500639 741
1731092444335 0.0009145658113993704 742
1731092444337 0.0009074422996491194 743
1731092444340 0.0009003727464005351 744
1731092444343 0.0008933626813814044 745
1731092444346 0.0008864040719345212 746
1731092444348 0.0008795017492957413 747
1731092444351 0.0008726544328965247 748
1731092444354 0.0008658585720695555 749
1731092444357 0.0008591162622906268 750
1731092444360 0.0008524300646968186 751
1731092444362 0.0008457953226752579 752
1731092444365 0.0008392131421715021 753
1731092444368 0.0008326826500706375 754
1731092444371 0.0008262009941972792 755
1731092444373 0.0008197721326723695 756
1731092444376 0.00081339490134269 757
1731092444379 0.0008070679032243788 758
1731092444382 0.0008007885189726949 759
1731092444385 0.000794560241047293 760
1731092444388 0.0007883805083110929 761
1731092444390 0.0007822492043487728 762
1731092444394 0.0007761669112369418 763
1731092444396 0.0007701321155764163 764
1731092444399 0.0007641445845365524 765
1731092444401 0.0007582053658552468 766
1731092444404 0.0007523095700889826 767
1731092444407 0.0007464651134796441 768
1731092444410 0.0007406609947793186 769
1731092444413 0.0007349058869294822 770
1731092444415 0.0007291953079402447 771
1731092444418 0.0007235253578983247 772
1731092444420 0.0007179054664447904 773
1731092444422 0.0007123301620595157 774
1731092444424 0.0007067944388836622 775
1731092444427 0.000701304932590574 776
1731092444429 0.0006958588492125273 777
1731092444431 0.0006904538604430854 778
1731092444433 0.0006850915378890932 779
1731092444435 0.0006797717069275677 780
1731092444437 0.0006744941929355264 781
1731092444439 0.0006692571914754808 782
1731092444441 0.0006640588981099427 783
1731092444443 0.0006589059485122561 784
1731092444445 0.0006537925801239908 785
1731092444447 0.0006487157079391181 786
1731092444449 0.0006436805706471205 787
1731092444451 0.0006386843742802739 788
1731092444453 0.0006337295635603368 789
1731092444455 0.0006288117729127407 790
1731092444457 0.000623932690359652 791
1731092444459 0.0006190926651470363 792
1731092444461 0.0006142893107607961 793
1731092444463 0.0006095212302170694 794
1731092444465 0.0006047934293746948 795
1731092444467 0.0006001016008667648 796
1731092444470 0.0005954483058303595 797
1731092444472 0.0005908290040679276 798
1731092444474 0.0005862475954927504 799
1731092444476 0.000581701984629035 800
1731092444478 0.0005771901924163103 801
1731092444480 0.0005727143725380301 802
1731092444482 0.0005682745832018554 803
1731092444484 0.000563868903554976 804
1731092444486 0.0005594966933131218 805
1731092444488 0.0005551609792746603 806
1731092444490 0.0005508571048267186 807
1731092444491 0.0005465868744067848 808
1731092444493 0.0005423507536761463 809
1731092444495 0.0005381480441428721 810
1731092444498 0.0005339783965609968 811
1731092444500 0.0005298404721543193 812
1731092444502 0.0005257356679067016 813
1731092444504 0.0005216620629653335 814
1731092444507 0.0005176211707293987 815
1731092444510 0.0005136121762916446 816
1731092444513 0.0005096318782307208 817
1731092444516 0.0005056848749518394 818
1731092444519 0.0005017677904106677 819
1731092444523 0.0004978811484761536 820
1731092444526 0.0004940234357491136 821
1731092444545 0.000490201055072248 822
1731092444551 0.0004864022776018828 823
1731092444555 0.00048263592179864645 824
1731092444558 0.000478900212328881 825
1731092444561 0.0004751897940877825 826
1731092444563 0.0004715111281257123 827
1731092444566 0.00046786104212515056 828
1731092444569 0.0004642395651899278 829
1731092444571 0.0004606446891557425 830
1731092444574 0.0004570790915749967 831
1731092444577 0.0004535419575404376 832
1731092444580 0.0004500325012486428 833
1731092444583 0.00044654993689619005 834
1731092444585 0.0004430920525919646 835
1731092444588 0.00043966274824924767 836
1731092444591 0.00043626068509183824 837
1731092444594 0.00043288592132739723 838
1731092444597 0.00042953554657287896 839
1731092444599 0.00042621331522241235 840
1731092444602 0.0004229140467941761 841
1731092444605 0.0004196430090814829 842
1731092444608 0.00041639592382125556 843
1731092444611 0.00041317357681691647 844
1731092444613 0.0004099779180251062 845
1731092444616 0.00040680673555471003 846
1731092444619 0.00040366037865169346 847
1731092444622 0.0004005407099612057 848
1731092444625 0.00039744138484820724 849
1731092444627 0.0003943678457289934 850
1731092444629 0.0003913179680239409 851
1731092444631 0.00038829317782074213 852
1731092444633 0.0003852887311950326 853
1731092444635 0.00038230925565585494 854
1731092444637 0.000379351491574198 855
1731092444639 0.0003764195425901562 856
1731092444641 0.00037350962520577013 857
1731092444643 0.00037062237970530987 858
1731092444645 0.00036775588523596525 859
1731092444647 0.0003649139835033566 860
1731092444649 0.0003620926581788808 861
1731092444652 0.000359293888323009 862
1731092444654 0.00035651627695187926 863
1731092444656 0.00035376028972677886 864
1731092444658 0.0003510248789098114 865
1731092444660 0.0003483119362499565 866
1731092444662 0.00034562041400931776 867
1731092444663 0.0003429515636526048 868
1731092444665 0.00034030090318992734 869
1731092444667 0.0003376710810698569 870
1731092444669 0.00033505994360893965 871
1731092444671 0.00033247124520130455 872
1731092444673 0.0003299041709396988 873
1731092444675 0.00032735473359934986 874
1731092444677 0.00032482558162882924 875
1731092444679 0.00032231537625193596 876
1731092444681 0.0003198256890755147 877
1731092444683 0.00031735561788082123 878
1731092444685 0.0003149020776618272 879
1731092444687 0.00031247062725014985 880
1731092444689 0.0003100565227214247 881
1731092444691 0.00030766206327825785 882
1731092444693 0.00030528564820997417 883
1731092444695 0.0003029273066204041 884
1731092444697 0.0003005869803018868 885
1731092444699 0.000298264785669744 886
1731092444701 0.0002959619159810245 887
1731092444703 0.0002936739765573293 888
1731092444705 0.00029140684637241066 889
1731092444706 0.0002891561889555305 890
1731092444709 0.00028692407067865133 891
1731092444711 0.0002847085997927934 892
1731092444713 0.0002825092524290085 893
1731092444715 0.0002803287061396986 894
1731092444717 0.00027816262445412576 895
1731092444718 0.0002760163333732635 896
1731092444720 0.00027388494345359504 897
1731092444722 0.00027176865842193365 898
1731092444724 0.0002696721348911524 899
1731092444727 0.0002675905707292259 900
1731092444729 0.0002655245771165937 901
1731092444732 0.0002634749107528478 902
1731092444735 0.00026144133880734444 903
1731092444738 0.00025942231877706945 904
1731092444740 0.0002574210229795426 905
1731092444743 0.000255433697020635 906
1731092444745 0.0002534604864194989 907
1731092444748 0.0002515047963242978 908
1731092444751 0.00024956485140137374 909
1731092444753 0.00024763800320215523 910
1731092444756 0.00024572727852500975 911
1731092444758 0.0002438300580251962 912
1731092444761 0.00024194878642447293 913
1731092444764 0.00024008109176065773 914
1731092444767 0.00023822848743293434 915
1731092444770 0.00023638967832084745 916
1731092444772 0.00023456732742488384 917
1731092444775 0.00023275555577129126 918
1731092444778 0.00023095957294572145 919
1731092444781 0.00022917853493709117 920
1731092444783 0.0002274100697832182 921
1731092444786 0.00022565505059901625 922
1731092444789 0.00022391413222067058 923
1731092444791 0.00022218565572984517 924
1731092444794 0.00022047128004487604 925
1731092444797 0.00021877011749893427 926
1731092444799 0.00021708289568778127 927
1731092444803 0.00021540778107009828 928
1731092444806 0.00021374537027440965 929
1731092444808 0.00021209692931734025 930
1731092444811 0.00021045972243882716 931
1731092444814 0.00020883769320789725 932
1731092444818 0.00020722686895169318 933
1731092444822 0.0002056282537523657 934
1731092444826 0.00020404176029842347 935
1731092444828 0.00020246779604349285 936
1731092444832 0.00020090454199817032 937
1731092444834 0.0001993572077481076 938
1731092444836 0.00019781937589868903 939
1731092444838 0.00019629376765806228 940
1731092444840 0.00019477918976917863 941
1731092444842 0.00019327668996993452 942
1731092444844 0.00019178631191607565 943
1731092444846 0.00019030645489692688 944
1731092444848 0.00018883934535551816 945
1731092444850 0.00018738281505648047 946
1731092444852 0.00018593943968880922 947
1731092444854 0.0001845043443609029 948
1731092444856 0.00018308208382222801 949
1731092444858 0.00018166961672250181 950
1731092444860 0.00018026905308943242 951
1731092444862 0.00017887807916849852 952
1731092444864 0.0001774994161678478 953
1731092444866 0.00017613197269383818 954
1731092444868 0.00017477259098086506 955
1731092444870 0.00017342485080007464 956
1731092444872 0.0001720874715829268 957
1731092444874 0.00017076064250431955 958
1731092444876 0.00016944343224167824 959
1731092444878 0.00016813633556012064 960
1731092444880 0.00016684128786437213 961
1731092444882 0.00016555452020838857 962
1731092444884 0.00016427860828116536 963
1731092444886 0.00016301152936648577 964
1731092444888 0.00016175449127331376 965
1731092444890 0.00016050750855356455 966
1731092444892 0.00015927031927276403 967
1731092444894 0.0001580428215675056 968
1731092444896 0.00015682446246501058 969
1731092444897 0.00015561425243504345 970
1731092444899 0.00015441513096448034 971
1731092444901 0.00015322458057198673 972
1731092444903 0.00015204440569505095 973
1731092444905 0.00015087176871020347 974
1731092444907 0.00014970891061238945 975
1731092444909 0.00014855351764708757 976
1731092444911 0.00014740847109351307 977
1731092444913 0.0001462719519622624 978
1731092444915 0.00014514499343931675 979
1731092444917 0.00014402507804334164 980
1731092444919 0.0001429155090590939 981
1731092444921 0.00014181333244778216 982
1731092444923 0.00014072049816604704 983
1731092444925 0.00013963595847599208 984
1731092444927 0.00013855888391844928 985
1731092444929 0.0001374915591441095 986
1731092444931 0.0001364316267427057 987
1731092444933 0.0001353807165287435 988
1731092444935 0.00013433668937068433 989
1731092444937 0.0001333016698481515 990
1731092444939 0.0001322739408351481 991
1731092444942 0.00013125501573085785 992
1731092444945 0.00013024357031099498 993
1731092444948 0.00012923972099088132 994
1731092444950 0.00012824387522414327 995
1731092444952 0.00012725585838779807 996
1731092444955 0.0001262749283341691 997
1731092444957 0.00012530172534752637 998
1731092444960 0.00012433636584319174 999
